0.1, 100
[76 70 71 77 68 76 68 71 74 61]

0.1, 200
[71 69 74 74 66 72 75 65 74 68]

0.1, 300
[79 86 78 81 85 92 89 88 90 89]

400
[71 70 75 73 72 71 71 74 79 73]

500
[70 69 68 80 73 74 75 76 78 70]

600
[69 69 69 63 64 64 66 58 51 75]

700
[86 88 87 87 89 93 84 85 95 89]

800
[83 80 82 83 77 93 84 80 83 74]

900
[74 73 68 73 73 82 75 70 71 80]

1000
[73 69 69 66 69 61 66 75 72 69]

1100
[80 77 88 80 80 81 78 77 76 68]

1200
[75 75 70 75 73 70 69 69 70 69]

1300
[70 70 74 76 72 73 77 65 74 59]

1400
[69 53 60 65 58 67 74 70 67 68]

1500
[58 54 59 55 64 62 58 62 59 65]

1600
[61 56 47 57 51 56 64 66 66 73]

1700
[64 33 29 32 33 34 33 30 29 25]

1800
[56 57 52 50 45 56 43 54 48 54]

1900
[19 19 25 17 21 17 22 19 21 11]

2000
[3 6 4 7 7 2 4 2 1 3]


2100
[0 0 0 0 0 0 0 0 0 0]
[54 61 57 61 64 65 64 61 62 65] [13 7 13 12 19 16 22 18 12 17]
[14 7 10 18 19 18 12 11 27 27] [0 0 0 1 1 1 0 1 0 0]
[16 18 9 21 27 16 25 20 24 30] [20 19 21 21 21 20 28 19 25 17]
[11 8 10 14 12 24 18 21 29 19] [1 0 0 1 0 3 0 1 0 1]
[45 54 61 59 52 60 64 81 86 81] [18 8 17 13 12 8 15 24 12 13]
[73 77 74 75 76 82 86 87 84 85] [15 10 11 11 7 10 4 7 6 11]
[49 45 44 44 58 69 55 62 75 77] [0 0 0 0 0 0 0 0 0 0]

2200
[0 0 0 0 0 0 0 0 0 0]
[62 60 72 60 62 60 57 62 57 65]

2300
[0 0 0 0 0 0 0 0 0 0]
[24 21 21 20 24 18 19 25 20 19]

2400
[0 0 0 0 0 0 0 0 0 0]
[69 73 74 69 65 69 65 77 75 73]

2500
[0 0 0 0 0 0 0 0 0 0]
[25 29 26 31 27 24 30 32 19 28]
