8 Channels 
Reward: [80.0, 74.0] 
Sensing Errors: [10, 3] 
Packet Feedback Errors: [2, 1] 
Packet Errors: [20, 26] 

8 Channels 
Reward: [80.0, 81.0] 
Sensing Errors: [3, 4] 
Packet Feedback Errors: [1, 1] 
Packet Errors: [20, 19] 

8 Channels: No USRP (1700 zeros)
Reward: [79.0, 74.0, 65.0, 69.0, 79.0, 77.0, 72.0, 75.0, 74.0, 81.0, 84.0, 82.0, 83.0, 83.0, 87.0, 87.0, 80.0, 82.0, 82.0, 80.0, 84.0, 79.0, 91.0, 84.0, 80.0, 78.0, 82.0, 85.0, 80.0, 87.0, 88.0, 88.0, 83.0, 86.0, 80.0, 87.0, 84.0, 92.0, 91.0, 89.0, 89.0, 87.0, 91.0, 90.0, 86.0, 92.0, 93.0, 88.0, 88.0, 84.0, 91.0, 90.0, 92.0, 89.0, 89.0, 89.0, 90.0, 95.0, 91.0, 90.0, 95.0, 84.0, 81.0, 93.0, 89.0, 87.0, 93.0, 96.0, 96.0, 96.0, 92.0, 92.0, 89.0, 97.0, 95.0, 89.0, 96.0, 96.0, 95.0, 98.0, 90.0, 95.0, 94.0, 96.0, 96.0, 96.0, 95.0, 94.0, 94.0, 97.0, 95.0, 96.0, 98.0, 97.0, 97.0, 99.0, 96.0, 97.0, 99.0, 94.0, 97.0, 95.0, 95.0, 94.0, 95.0, 93.0, 98.0, 97.0, 97.0, 98.0, 98.0, 94.0, 100.0, 99.0, 99.0, 99.0, 92.0, 99.0, 99.0, 99.0, 100.0, 98.0, 98.0, 98.0, 98.0, 99.0, 98.0, 97.0, 99.0, 98.0, 99.0, 98.0, 98.0, 97.0, 97.0, 100.0, 98.0, 100.0, 98.0, 97.0, 99.0, 100.0, 97.0, 99.0, 99.0, 98.0, 100.0, 99.0, 98.0, 99.0, 99.0, 99.0, 95.0, 97.0, 97.0, 98.0, 100.0, 100.0, 99.0, 99.0, 98.0, 98.0, 99.0, 99.0, 99.0, 100.0, 100.0, 99.0, 100.0, 100.0, 100.0, 99.0, 99.0, 99.0, 99.0, 100.0, 99.0, 100.0, 97.0, 99.0, 99.0, 98.0, 100.0, 100.0, 100.0, 99.0, 100.0, 99.0, 99.0, 100.0, 100.0, 99.0, 99.0, 100.0, 100.0, 99.0, 99.0, 100.0, 100.0, 99.0] 
Sensing Errors: [4, 5, 3, 4, 10, 3, 0, 6, 2, 5, 0, 1, 1, 0, 1, 4, 0, 5, 6, 4, 2, 7, 5, 4, 3, 0, 0, 0, 0, 0, 0, 5, 2, 3, 0, 11, 1, 0, 3, 2, 4, 2, 0, 1, 8, 6, 0, 0, 0, 0, 0, 0, 0, 0, 0, 0, 3, 3, 2, 0, 2, 0, 0, 2, 7, 7, 3, 4, 3, 0, 0, 0, 0, 0, 0, 1, 2, 4, 6, 3, 6, 2, 0, 0, 0, 0, 0, 0, 2, 5, 9, 7, 3, 4, 7, 0, 0, 0, 0, 0, 3, 7, 4, 4, 3, 0, 7, 1, 4, 2, 0, 0, 1, 3, 9, 4, 3, 2, 2, 0, 0, 1, 0, 2, 0, 0, 0, 0, 0, 0, 0, 0, 0, 0, 0, 3, 3, 1, 1, 0, 0, 0, 0, 0, 0, 1, 0, 3, 0, 0, 0, 0, 0, 1, 0, 0, 0, 0, 0, 0, 0, 1, 1, 0, 2, 5, 3, 1, 0, 0, 0, 0, 0, 0, 0, 0, 0, 0, 3, 8, 5, 4, 3, 2, 0, 0, 0, 0, 0, 0, 0, 0, 0, 0, 4, 3, 3, 2, 2, 2] 
Packet Feedback Errors: [0, 2, 1, 2, 2, 0, 0, 1, 1, 0, 0, 1, 1, 1, 1, 0, 2, 1, 0, 0, 1, 1, 0, 1, 0, 1, 0, 0, 0, 0, 0, 0, 0, 0, 0, 0, 0, 0, 0, 0, 1, 1, 0, 1, 0, 0, 1, 0, 0, 1, 0, 0, 0, 0, 1, 0, 0, 0, 0, 0, 0, 0, 0, 1, 0, 0, 0, 0, 0, 0, 0, 0, 0, 0, 0, 1, 0, 0, 0, 0, 1, 0, 0, 0, 0, 0, 0, 0, 0, 0, 0, 0, 0, 0, 0, 0, 0, 0, 1, 0, 0, 0, 0, 0, 1, 0, 0, 0, 0, 0, 0, 0, 0, 0, 0, 0, 0, 0, 0, 0, 0, 0, 0, 0, 0, 0, 0, 0, 0, 0, 0, 0, 0, 0, 0, 0, 0, 0, 0, 0, 0, 0, 0, 0, 0, 0, 0, 0, 0, 0, 0, 0, 0, 0, 0, 0, 0, 0, 0, 0, 0, 0, 0, 0, 0, 1, 0, 0, 0, 0, 0, 0, 0, 0, 0, 0, 0, 0, 0, 0, 0, 0, 0, 0, 0, 0, 0, 0, 0, 0, 0, 0, 0, 0, 0, 0, 0, 0, 0, 0] 
Packet Errors: [21, 26, 35, 31, 21, 23, 28, 25, 26, 19, 16, 18, 17, 17, 13, 13, 20, 18, 18, 20, 16, 21, 9, 16, 20, 22, 18, 15, 20, 13, 12, 12, 17, 14, 20, 13, 16, 8, 9, 11, 11, 13, 9, 10, 14, 8, 7, 12, 12, 16, 9, 10, 8, 11, 11, 11, 10, 5, 9, 10, 5, 16, 19, 7, 11, 13, 7, 4, 4, 4, 8, 8, 11, 3, 5, 11, 4, 4, 5, 2, 10, 5, 6, 4, 4, 4, 5, 6, 6, 3, 5, 4, 2, 3, 3, 1, 4, 3, 1, 6, 3, 5, 5, 6, 5, 7, 2, 3, 3, 2, 2, 6, 0, 1, 1, 1, 8, 1, 1, 1, 0, 2, 2, 2, 2, 1, 2, 3, 1, 2, 1, 2, 2, 3, 3, 0, 2, 0, 2, 3, 1, 0, 3, 1, 1, 2, 0, 1, 2, 1, 1, 1, 5, 3, 3, 2, 0, 0, 1, 1, 2, 2, 1, 1, 1, 0, 0, 1, 0, 0, 0, 1, 1, 1, 1, 0, 1, 0, 3, 1, 1, 2, 0, 0, 0, 1, 0, 1, 1, 0, 0, 1, 1, 0, 0, 1, 1, 0, 0, 1] 

8 Channels: No USRP (800 zeros)
Reward: [62.0, 53.0, 50.0, 60.0, 59.0, 58.0, 69.0, 62.0, 61.0, 58.0, 62.0, 48.0, 62.0, 73.0, 72.0, 73.0, 60.0, 44.0, 56.0, 68.0, 68.0, 70.0, 74.0, 64.0, 70.0, 70.0, 76.0, 77.0, 65.0, 56.0, 64.0, 74.0, 75.0, 59.0, 84.0, 86.0, 67.0, 74.0, 65.0, 63.0, 74.0, 77.0, 81.0, 87.0, 64.0, 82.0, 75.0, 80.0, 75.0, 68.0, 70.0, 70.0, 74.0, 84.0, 79.0, 72.0, 72.0, 86.0, 76.0, 69.0, 81.0, 72.0, 75.0, 64.0, 64.0, 84.0, 87.0, 77.0, 77.0, 74.0, 67.0, 73.0, 78.0, 62.0, 72.0, 76.0, 80.0, 74.0, 84.0, 84.0, 64.0, 69.0, 68.0, 75.0, 68.0, 81.0, 80.0, 86.0, 72.0, 64.0, 84.0, 80.0, 82.0, 69.0, 65.0, 73.0, 75.0, 64.0, 69.0, 72.0, 72.0, 84.0, 75.0, 77.0, 68.0, 84.0, 61.0, 82.0, 75.0, 79.0, 57.0, 74.0, 81.0, 66.0, 77.0, 71.0, 75.0, 78.0, 62.0, 73.0, 80.0, 62.0, 73.0, 81.0, 63.0, 70.0, 64.0, 78.0, 84.0, 82.0, 91.0, 94.0, 88.0, 71.0, 76.0, 79.0, 77.0, 86.0, 92.0, 92.0, 88.0, 78.0, 88.0, 89.0, 85.0, 96.0, 92.0, 94.0, 89.0, 88.0, 92.0, 90.0, 81.0, 70.0, 74.0, 62.0, 77.0, 94.0, 93.0, 95.0, 78.0, 91.0, 89.0, 99.0, 100.0, 89.0, 98.0, 100.0, 87.0, 78.0, 90.0, 100.0, 90.0, 84.0, 82.0, 88.0, 88.0, 75.0, 82.0, 84.0, 70.0, 97.0, 94.0, 67.0, 80.0, 90.0, 95.0, 77.0, 99.0, 93.0, 91.0, 91.0, 72.0, 92.0, 85.0, 88.0, 94.0, 98.0, 100.0, 97.0] 
Sensing Errors: [34, 34, 52, 27, 43, 35, 22, 47, 32, 59, 21, 71, 35, 20, 12, 4, 29, 68, 41, 14, 27, 25, 42, 45, 25, 14, 13, 26, 53, 31, 48, 17, 25, 47, 16, 12, 53, 18, 29, 30, 24, 41, 19, 11, 41, 11, 33, 20, 30, 35, 39, 48, 27, 25, 24, 26, 27, 8, 32, 47, 23, 24, 41, 42, 63, 12, 15, 38, 30, 36, 68, 36, 29, 44, 27, 37, 28, 44, 9, 26, 49, 32, 57, 17, 51, 15, 51, 14, 59, 45, 16, 44, 28, 39, 71, 45, 43, 75, 75, 55, 46, 42, 60, 45, 43, 40, 67, 42, 62, 73, 70, 58, 39, 74, 67, 35, 21, 31, 48, 41, 37, 57, 31, 35, 49, 43, 67, 52, 81, 62, 97, 73, 77, 55, 80, 59, 47, 54, 80, 28, 50, 93, 81, 79, 72, 83, 93, 60, 85, 57, 57, 32, 78, 82, 39, 58, 46, 10, 32, 80, 59, 11, 44, 90, 100, 74, 100, 100, 48, 73, 94, 100, 71, 75, 24, 46, 25, 41, 45, 14, 54, 95, 65, 62, 50, 79, 98, 17, 94, 86, 27, 47, 59, 25, 84, 15, 66, 91, 100, 99] 
Packet Feedback Errors: [0, 2, 0, 0, 0, 0, 0, 0, 0, 0, 0, 0, 1, 0, 0, 0, 0, 1, 0, 0, 0, 1, 3, 0, 0, 0, 0, 1, 1, 1, 0, 1, 0, 0, 0, 0, 0, 0, 1, 0, 0, 0, 0, 0, 0, 0, 0, 0, 1, 0, 1, 0, 0, 0, 0, 0, 0, 0, 0, 0, 0, 1, 0, 1, 1, 0, 1, 1, 0, 0, 0, 0, 0, 0, 0, 0, 0, 0, 0, 1, 0, 0, 0, 0, 0, 0, 0, 0, 0, 0, 0, 0, 1, 0, 0, 0, 0, 0, 0, 0, 0, 0, 0, 0, 1, 0, 0, 0, 0, 0, 0, 1, 0, 0, 0, 0, 0, 0, 0, 0, 0, 0, 1, 0, 0, 0, 0, 0, 0, 0, 0, 0, 0, 0, 0, 0, 0, 0, 0, 1, 0, 0, 0, 0, 0, 0, 0, 0, 0, 0, 0, 0, 0, 0, 0, 0, 0, 0, 0, 0, 1, 0, 0, 0, 0, 0, 0, 0, 0, 0, 0, 0, 1, 0, 0, 1, 0, 0, 0, 0, 0, 0, 0, 0, 0, 0, 0, 0, 0, 0, 0, 0, 0, 0, 0, 0, 0, 0, 0, 0] 
Packet Errors: [38, 47, 50, 40, 41, 42, 31, 38, 39, 42, 38, 52, 38, 27, 28, 27, 40, 56, 44, 32, 32, 30, 26, 36, 30, 30, 24, 23, 35, 44, 36, 26, 25, 41, 16, 14, 33, 26, 35, 37, 26, 23, 19, 13, 36, 18, 25, 20, 25, 32, 30, 30, 26, 16, 21, 28, 28, 14, 24, 31, 19, 28, 25, 36, 36, 16, 13, 23, 23, 26, 33, 27, 22, 38, 28, 24, 20, 26, 16, 16, 36, 31, 32, 25, 32, 19, 20, 14, 28, 36, 16, 20, 18, 31, 35, 27, 25, 36, 31, 28, 28, 16, 25, 23, 32, 16, 39, 18, 25, 21, 43, 26, 19, 34, 23, 29, 25, 22, 38, 27, 20, 38, 27, 19, 37, 30, 36, 22, 16, 18, 9, 6, 12, 29, 24, 21, 23, 14, 8, 8, 12, 22, 12, 11, 15, 4, 8, 6, 11, 12, 8, 10, 19, 30, 26, 38, 23, 6, 7, 5, 22, 9, 11, 1, 0, 11, 2, 0, 13, 22, 10, 0, 10, 16, 18, 12, 12, 25, 18, 16, 30, 3, 6, 33, 20, 10, 5, 23, 1, 7, 9, 9, 28, 8, 15, 12, 6, 2, 0, 3] 

12 Channels: No USRP  (1700 zeros)
Reward: [78.0, 88.0, 81.0, 79.0, 79.0, 79.0, 84.0, 84.0, 81.0, 82.0, 81.0, 86.0, 85.0, 82.0, 85.0, 82.0, 88.0, 87.0, 85.0, 84.0, 85.0, 81.0, 88.0, 85.0, 82.0, 89.0, 89.0, 85.0, 86.0, 93.0, 85.0, 89.0, 83.0, 86.0, 88.0, 86.0, 87.0, 87.0, 87.0, 92.0, 85.0, 89.0, 89.0, 89.0, 83.0, 86.0, 92.0, 86.0, 92.0, 85.0, 78.0, 92.0, 87.0, 87.0, 91.0, 88.0, 82.0, 92.0, 88.0, 85.0, 90.0, 85.0, 86.0, 92.0, 91.0, 91.0, 87.0, 86.0, 89.0, 85.0, 90.0, 92.0, 90.0, 95.0, 88.0, 88.0, 93.0, 92.0, 89.0, 89.0, 88.0, 93.0, 87.0, 91.0, 87.0, 91.0, 89.0, 92.0, 89.0, 90.0, 91.0, 86.0, 89.0, 87.0, 96.0, 98.0, 94.0, 97.0, 93.0, 96.0, 93.0, 96.0, 95.0, 95.0, 95.0, 95.0, 93.0, 99.0, 96.0, 97.0, 97.0, 96.0, 95.0, 96.0, 94.0, 97.0, 96.0, 94.0, 96.0, 99.0, 95.0, 99.0, 93.0, 97.0, 97.0, 98.0, 97.0, 97.0, 100.0, 98.0, 95.0, 97.0, 99.0, 100.0, 96.0, 97.0, 98.0, 98.0, 99.0, 97.0, 99.0, 97.0, 99.0, 98.0, 98.0, 97.0, 99.0, 98.0, 97.0, 99.0, 97.0, 99.0, 99.0, 100.0, 99.0, 100.0, 100.0, 97.0, 99.0, 99.0, 100.0, 100.0, 96.0, 100.0, 99.0, 99.0, 99.0, 99.0, 99.0, 95.0, 99.0, 99.0, 100.0, 99.0, 99.0, 98.0, 100.0, 98.0, 100.0, 99.0, 99.0, 98.0, 100.0, 100.0, 99.0, 100.0, 100.0, 100.0, 99.0, 99.0, 100.0, 100.0, 99.0, 99.0, 99.0, 100.0, 100.0, 99.0, 100.0, 100.0] 
Sensing Errors: [0, 0, 0, 1, 1, 0, 0, 1, 0, 0, 0, 1, 0, 0, 0, 0, 0, 0, 0, 0, 0, 0, 1, 0, 0, 0, 0, 0, 0, 1, 0, 0, 0, 0, 1, 0, 0, 0, 0, 0, 0, 0, 0, 0, 2, 1, 0, 0, 0, 1, 0, 0, 0, 1, 0, 1, 0, 0, 0, 0, 0, 0, 0, 0, 0, 0, 0, 0, 1, 0, 1, 0, 0, 0, 0, 2, 0, 0, 0, 1, 0, 0, 0, 0, 0, 0, 0, 0, 0, 1, 0, 0, 0, 0, 0, 1, 0, 0, 0, 0, 0, 0, 0, 0, 0, 0, 0, 0, 0, 0, 0, 0, 0, 0, 0, 0, 0, 0, 0, 0, 0, 0, 0, 1, 0, 0, 0, 0, 0, 0, 1, 0, 0, 0, 0, 1, 0, 0, 0, 0, 0, 0, 1, 0, 0, 0, 0, 0, 0, 1, 0, 0, 0, 0, 0, 0, 0, 0, 0, 0, 0, 0, 0, 0, 0, 0, 0, 0, 0, 0, 0, 0, 0, 0, 0, 0, 0, 0, 0, 0, 1, 0, 0, 0, 0, 0, 0, 0, 1, 0, 0, 0, 0, 0, 0, 0, 0, 0, 0, 0] 
Packet Feedback Errors: [0, 0, 0, 1, 0, 1, 1, 0, 0, 0, 1, 0, 0, 0, 0, 0, 0, 0, 3, 0, 0, 0, 0, 0, 0, 0, 0, 0, 0, 0, 1, 0, 0, 0, 0, 0, 0, 0, 0, 1, 0, 0, 0, 0, 0, 0, 0, 0, 0, 0, 0, 1, 1, 0, 0, 1, 0, 0, 0, 0, 0, 0, 0, 0, 0, 0, 0, 0, 0, 0, 0, 0, 0, 1, 0, 0, 0, 0, 0, 0, 0, 0, 0, 0, 0, 0, 0, 0, 0, 0, 0, 0, 1, 0, 0, 1, 0, 0, 1, 0, 0, 1, 0, 0, 0, 0, 0, 0, 1, 0, 0, 0, 0, 0, 0, 0, 0, 1, 0, 0, 0, 0, 0, 1, 0, 0, 1, 0, 0, 0, 0, 0, 0, 0, 0, 0, 0, 1, 0, 0, 0, 0, 0, 0, 0, 0, 0, 0, 0, 0, 0, 0, 0, 0, 0, 0, 0, 0, 0, 0, 0, 1, 0, 0, 0, 0, 0, 0, 1, 0, 0, 0, 0, 0, 0, 0, 0, 0, 0, 0, 0, 0, 0, 0, 0, 0, 0, 0, 0, 0, 0, 0, 0, 0, 0, 0, 0, 0, 0, 0] 
Packet Errors: [22, 12, 19, 21, 21, 21, 16, 16, 19, 18, 19, 14, 15, 18, 15, 18, 12, 13, 15, 16, 15, 19, 12, 15, 18, 11, 11, 15, 14, 7, 15, 11, 17, 14, 12, 14, 13, 13, 13, 8, 15, 11, 11, 11, 17, 14, 8, 14, 8, 15, 22, 8, 13, 13, 9, 12, 18, 8, 12, 15, 10, 15, 14, 8, 9, 9, 13, 14, 11, 15, 10, 8, 10, 5, 12, 12, 7, 8, 11, 11, 12, 7, 13, 9, 13, 9, 11, 8, 11, 10, 9, 14, 11, 13, 4, 2, 6, 3, 7, 4, 7, 4, 5, 5, 5, 5, 7, 1, 4, 3, 3, 4, 5, 4, 6, 3, 4, 6, 4, 1, 5, 1, 7, 3, 3, 2, 3, 3, 0, 2, 5, 3, 1, 0, 4, 3, 2, 2, 1, 3, 1, 3, 1, 2, 2, 3, 1, 2, 3, 1, 3, 1, 1, 0, 1, 0, 0, 3, 1, 1, 0, 0, 4, 0, 1, 1, 1, 1, 1, 5, 1, 1, 0, 1, 1, 2, 0, 2, 0, 1, 1, 2, 0, 0, 1, 0, 0, 0, 1, 1, 0, 0, 1, 1, 1, 0, 0, 1, 0, 0] 

4 Channels: No USRP (1700 zeros)
Reward: [31.0, 30.0, 25.0, 31.0, 31.0, 24.0, 35.0, 22.0, 31.0, 38.0, 39.0, 31.0, 57.0, 36.0, 25.0, 37.0, 50.0, 34.0, 32.0, 45.0, 40.0, 40.0, 49.0, 40.0, 33.0, 46.0, 42.0, 49.0, 43.0, 47.0, 40.0, 36.0, 48.0, 50.0, 50.0, 47.0, 43.0, 43.0, 48.0, 50.0, 41.0, 49.0, 23.0, 38.0, 46.0, 60.0, 50.0, 47.0, 58.0, 60.0, 43.0, 48.0, 57.0, 49.0, 41.0, 49.0, 57.0, 56.0, 45.0, 60.0, 53.0, 32.0, 57.0, 62.0, 39.0, 53.0, 53.0, 42.0, 53.0, 59.0, 60.0, 71.0, 66.0, 62.0, 60.0, 59.0, 59.0, 56.0, 52.0, 49.0, 33.0, 31.0, 56.0, 64.0, 59.0, 60.0, 66.0, 54.0, 51.0, 69.0, 67.0, 65.0, 49.0, 63.0, 61.0, 69.0, 81.0, 59.0, 27.0, 31.0, 66.0, 60.0, 66.0, 70.0, 73.0, 65.0, 61.0, 40.0, 71.0, 60.0, 72.0, 69.0, 62.0, 78.0, 69.0, 56.0, 49.0, 66.0, 75.0, 73.0, 67.0, 66.0, 63.0, 63.0, 71.0, 69.0, 65.0, 47.0, 50.0, 64.0, 45.0, 79.0, 82.0, 67.0, 75.0, 65.0, 71.0, 66.0, 64.0, 63.0, 42.0, 72.0, 69.0, 75.0, 72.0, 76.0, 83.0, 65.0, 38.0, 70.0, 58.0, 42.0, 67.0, 72.0, 78.0, 69.0, 73.0, 82.0, 62.0, 77.0, 72.0, 65.0, 72.0, 71.0, 76.0, 66.0, 86.0, 71.0, 61.0, 34.0, 72.0, 80.0, 75.0, 71.0, 67.0, 31.0, 60.0, 67.0, 74.0, 61.0, 66.0, 65.0, 75.0, 76.0, 64.0, 39.0, 76.0, 72.0, 87.0, 82.0, 68.0, 73.0, 63.0, 64.0, 49.0, 83.0, 76.0, 74.0, 80.0, 76.0] 
Sensing Errors: [30, 35, 37, 39, 36, 37, 32, 34, 35, 27, 26, 34, 12, 24, 38, 27, 20, 38, 35, 26, 34, 26, 32, 22, 31, 28, 22, 28, 31, 29, 29, 27, 35, 25, 20, 24, 28, 33, 19, 28, 27, 19, 39, 36, 35, 20, 21, 22, 19, 18, 38, 26, 18, 26, 36, 31, 28, 24, 28, 14, 26, 44, 21, 27, 37, 17, 21, 34, 18, 23, 24, 17, 13, 12, 23, 21, 23, 22, 18, 37, 37, 38, 11, 17, 20, 20, 16, 19, 28, 11, 9, 22, 30, 17, 16, 14, 11, 22, 52, 41, 19, 18, 14, 18, 15, 13, 12, 39, 9, 13, 6, 14, 12, 16, 11, 17, 35, 12, 9, 13, 18, 11, 16, 17, 8, 20, 11, 37, 37, 9, 36, 4, 6, 8, 5, 7, 7, 10, 9, 12, 29, 8, 7, 5, 10, 5, 7, 9, 43, 8, 19, 43, 8, 4, 12, 9, 9, 7, 16, 3, 11, 9, 9, 5, 7, 12, 6, 10, 15, 44, 8, 5, 5, 8, 7, 41, 9, 9, 12, 9, 7, 5, 7, 6, 13, 42, 9, 5, 7, 2, 5, 6, 9, 6, 42, 4, 6, 5, 6, 18] 
Packet Feedback Errors: [2, 2, 3, 3, 2, 2, 7, 3, 3, 2, 2, 2, 2, 3, 4, 0, 5, 2, 4, 2, 1, 2, 2, 3, 3, 0, 1, 4, 1, 12, 0, 1, 4, 3, 1, 2, 2, 5, 4, 3, 2, 2, 1, 3, 3, 8, 8, 6, 10, 10, 8, 10, 5, 1, 1, 2, 7, 6, 3, 8, 4, 3, 5, 6, 1, 4, 7, 4, 4, 8, 12, 12, 11, 7, 9, 7, 7, 5, 6, 0, 0, 1, 4, 8, 6, 4, 13, 2, 3, 9, 6, 12, 1, 7, 6, 8, 17, 4, 3, 2, 8, 8, 12, 13, 9, 4, 6, 2, 11, 3, 11, 12, 4, 16, 10, 2, 1, 6, 15, 14, 14, 10, 6, 9, 8, 11, 7, 0, 0, 3, 2, 19, 19, 9, 9, 5, 11, 8, 5, 7, 0, 9, 7, 11, 14, 12, 20, 7, 0, 10, 3, 1, 6, 10, 17, 9, 13, 17, 9, 11, 12, 3, 11, 10, 14, 7, 26, 9, 3, 0, 13, 14, 13, 9, 2, 0, 2, 9, 17, 3, 3, 1, 6, 12, 7, 0, 15, 9, 21, 18, 2, 11, 4, 4, 0, 19, 15, 13, 18, 13] 
Packet Errors: [69, 70, 75, 69, 69, 76, 65, 78, 69, 62, 61, 69, 43, 64, 75, 63, 50, 66, 68, 55, 60, 60, 51, 60, 67, 54, 58, 51, 57, 53, 60, 64, 52, 50, 50, 53, 57, 57, 52, 50, 59, 51, 77, 62, 54, 40, 50, 53, 42, 40, 57, 52, 43, 51, 59, 51, 43, 44, 55, 40, 47, 68, 43, 38, 61, 47, 47, 58, 47, 41, 40, 29, 34, 38, 40, 41, 41, 44, 48, 51, 67, 69, 44, 36, 41, 40, 34, 46, 49, 31, 33, 35, 51, 37, 39, 31, 19, 41, 73, 69, 34, 40, 34, 30, 27, 35, 39, 60, 29, 40, 28, 31, 38, 22, 31, 44, 51, 34, 25, 27, 33, 34, 37, 37, 29, 31, 35, 53, 50, 36, 55, 21, 18, 33, 25, 35, 29, 34, 36, 37, 58, 28, 31, 25, 28, 24, 17, 35, 62, 30, 42, 58, 33, 28, 22, 31, 27, 18, 38, 23, 28, 35, 28, 29, 24, 34, 14, 29, 39, 66, 28, 20, 25, 29, 33, 69, 40, 33, 26, 39, 34, 35, 25, 24, 36, 61, 24, 28, 13, 18, 32, 27, 37, 36, 51, 17, 24, 26, 20, 24] 

4 Channels: No USRP (2500 zeros)
Reward: [43.0, 50.0, 42.0, 56.0, 51.0, 53.0, 52.0, 50.0, 51.0, 58.0, 49.0, 49.0, 61.0, 54.0, 58.0, 60.0, 55.0, 54.0, 55.0, 60.0, 50.0, 58.0, 57.0, 61.0, 60.0, 61.0, 57.0, 61.0, 53.0, 62.0, 63.0, 61.0, 60.0, 54.0, 62.0, 63.0, 66.0, 61.0, 61.0, 66.0, 60.0, 62.0, 68.0, 70.0, 64.0, 57.0, 69.0, 65.0, 71.0, 61.0, 52.0, 61.0, 72.0, 65.0, 67.0, 64.0, 53.0, 53.0, 56.0, 47.0, 50.0, 69.0, 70.0, 70.0, 59.0, 76.0, 72.0, 62.0, 63.0, 64.0, 73.0, 73.0, 65.0, 67.0, 57.0, 67.0, 67.0, 68.0, 76.0, 76.0, 67.0, 70.0, 68.0, 72.0, 60.0, 71.0, 65.0, 78.0, 69.0, 78.0, 66.0, 70.0, 65.0, 72.0, 71.0, 68.0, 76.0, 60.0, 73.0, 67.0, 74.0, 66.0, 75.0, 70.0, 74.0, 54.0, 73.0, 65.0, 74.0, 66.0, 67.0, 77.0, 77.0, 65.0, 63.0, 70.0, 73.0, 80.0, 72.0, 77.0, 75.0, 82.0, 71.0, 74.0, 67.0, 74.0, 79.0, 64.0, 71.0, 76.0, 64.0, 77.0, 64.0, 66.0, 74.0, 72.0, 77.0, 72.0, 68.0, 77.0, 79.0, 78.0, 63.0, 80.0, 76.0, 67.0, 73.0, 77.0, 72.0, 65.0, 73.0, 71.0, 78.0, 77.0, 77.0, 77.0, 78.0, 82.0, 68.0, 71.0, 64.0, 68.0, 75.0, 69.0, 68.0, 77.0, 78.0, 80.0, 78.0, 76.0, 73.0, 72.0, 73.0, 74.0, 79.0, 72.0, 45.0, 73.0, 76.0, 73.0, 68.0, 80.0, 79.0, 79.0, 66.0, 76.0, 79.0, 77.0, 82.0, 78.0, 75.0, 68.0, 72.0, 71.0, 67.0, 78.0, 81.0, 74.0, 69.0, 69.0] 
Sensing Errors: [4, 9, 5, 8, 6, 6, 4, 3, 3, 11, 2, 6, 5, 9, 7, 5, 6, 3, 5, 5, 5, 3, 8, 4, 7, 7, 6, 6, 5, 3, 3, 4, 7, 3, 5, 6, 5, 5, 8, 4, 5, 5, 6, 9, 4, 6, 3, 7, 3, 9, 10, 10, 2, 5, 4, 5, 1, 4, 5, 3, 3, 7, 2, 1, 6, 2, 3, 3, 8, 7, 6, 3, 5, 1, 6, 6, 9, 4, 3, 5, 4, 2, 1, 5, 7, 2, 9, 4, 1, 2, 11, 2, 9, 3, 2, 9, 1, 7, 0, 9, 1, 12, 2, 3, 0, 2, 1, 8, 1, 3, 8, 0, 1, 9, 3, 0, 0, 0, 1, 2, 0, 2, 1, 6, 8, 4, 0, 7, 6, 1, 6, 1, 7, 13, 3, 1, 1, 4, 9, 0, 1, 2, 7, 0, 0, 11, 0, 2, 2, 9, 1, 1, 0, 1, 4, 2, 5, 1, 13, 2, 8, 6, 1, 0, 9, 0, 1, 1, 4, 1, 0, 0, 0, 0, 0, 0, 0, 1, 1, 1, 8, 3, 1, 0, 12, 0, 0, 0, 1, 0, 0, 11, 2, 3, 11, 1, 0, 0, 9, 0] 
Packet Feedback Errors: [1, 7, 4, 2, 4, 3, 3, 8, 6, 4, 4, 1, 4, 3, 8, 5, 7, 4, 8, 4, 4, 6, 9, 4, 8, 4, 5, 4, 3, 4, 8, 1, 1, 2, 4, 3, 7, 6, 9, 4, 2, 3, 6, 3, 3, 1, 5, 2, 2, 2, 2, 1, 6, 5, 2, 7, 2, 4, 7, 6, 3, 10, 8, 4, 2, 6, 6, 2, 0, 3, 9, 6, 4, 4, 1, 7, 5, 3, 10, 11, 3, 5, 5, 9, 2, 6, 2, 13, 7, 8, 0, 5, 1, 7, 7, 4, 8, 2, 8, 3, 6, 1, 10, 8, 10, 10, 6, 1, 9, 0, 0, 9, 8, 0, 1, 6, 5, 15, 9, 9, 10, 15, 6, 7, 1, 7, 10, 1, 3, 9, 1, 7, 2, 1, 9, 9, 12, 4, 2, 8, 12, 10, 1, 11, 8, 2, 6, 9, 5, 0, 6, 5, 10, 10, 10, 10, 12, 14, 1, 5, 0, 1, 10, 3, 0, 11, 14, 15, 12, 10, 6, 6, 8, 8, 11, 6, 11, 8, 10, 6, 1, 12, 11, 12, 0, 8, 13, 11, 16, 12, 8, 2, 7, 8, 0, 10, 15, 8, 0, 4] 
Packet Errors: [57, 50, 58, 44, 49, 47, 48, 50, 49, 42, 51, 51, 39, 46, 42, 40, 45, 46, 45, 40, 50, 42, 43, 39, 40, 39, 43, 39, 47, 38, 37, 39, 40, 46, 38, 37, 34, 39, 39, 34, 40, 38, 32, 30, 36, 43, 31, 35, 29, 39, 48, 39, 28, 35, 33, 36, 47, 47, 44, 53, 50, 31, 30, 30, 41, 24, 28, 38, 37, 36, 27, 27, 35, 33, 43, 33, 33, 32, 24, 24, 33, 30, 32, 28, 40, 29, 35, 22, 31, 22, 34, 30, 35, 28, 29, 32, 24, 40, 27, 33, 26, 34, 25, 30, 26, 46, 27, 35, 26, 34, 33, 23, 23, 35, 37, 30, 27, 20, 28, 23, 25, 18, 29, 26, 33, 26, 21, 36, 29, 24, 36, 23, 36, 34, 26, 28, 23, 28, 32, 23, 21, 22, 37, 20, 24, 33, 27, 23, 28, 35, 27, 29, 22, 23, 23, 23, 22, 18, 32, 29, 36, 32, 25, 31, 32, 23, 22, 20, 22, 24, 27, 28, 27, 26, 21, 28, 55, 27, 24, 27, 32, 20, 21, 21, 34, 24, 21, 23, 18, 22, 25, 32, 28, 29, 33, 22, 19, 26, 31, 31] 

6 Channels: No USRP (1700 zeros)
Reward: [54.0, 66.0, 58.0, 57.0, 68.0, 67.0, 61.0, 71.0, 68.0, 62.0, 70.0, 76.0, 76.0, 70.0, 78.0, 73.0, 77.0, 74.0, 73.0, 79.0, 79.0, 73.0, 77.0, 77.0, 81.0, 76.0, 85.0, 80.0, 76.0, 83.0, 67.0, 72.0, 69.0, 79.0, 82.0, 79.0, 84.0, 85.0, 77.0, 84.0, 78.0, 82.0, 79.0, 84.0, 85.0, 85.0, 81.0, 84.0, 93.0, 88.0, 92.0, 87.0, 85.0, 91.0, 90.0, 87.0, 84.0, 85.0, 86.0, 83.0, 91.0, 78.0, 84.0, 87.0, 90.0, 96.0, 91.0, 85.0, 92.0, 91.0, 91.0, 94.0, 92.0, 90.0, 86.0, 89.0, 96.0, 92.0, 86.0, 92.0, 87.0, 83.0, 90.0, 87.0, 93.0, 95.0, 93.0, 88.0, 92.0, 93.0, 94.0, 91.0, 92.0, 95.0, 91.0, 92.0, 90.0, 95.0, 95.0, 94.0, 90.0, 90.0, 99.0, 94.0, 88.0, 97.0, 93.0, 97.0, 96.0, 96.0, 94.0, 95.0, 95.0, 98.0, 96.0, 97.0, 94.0, 92.0, 91.0, 80.0, 91.0, 70.0, 95.0, 96.0, 93.0, 92.0, 93.0, 100.0, 92.0, 96.0, 96.0, 90.0, 94.0, 98.0, 98.0, 93.0, 99.0, 95.0, 94.0, 99.0, 95.0, 100.0, 100.0, 98.0, 95.0, 99.0, 87.0, 97.0, 97.0, 91.0, 97.0, 86.0, 80.0, 75.0, 66.0, 100.0, 98.0, 100.0, 98.0, 98.0, 95.0, 98.0, 100.0, 99.0, 99.0, 98.0, 98.0, 97.0, 100.0, 97.0, 98.0, 97.0, 95.0, 96.0, 97.0, 98.0, 100.0, 100.0, 98.0, 97.0, 100.0, 98.0, 98.0, 100.0, 100.0, 98.0, 100.0, 98.0, 100.0, 99.0, 98.0, 98.0, 99.0, 100.0, 98.0, 97.0, 99.0, 99.0, 81.0, 97.0] 
Sensing Errors: [1, 4, 1, 4, 2, 0, 1, 0, 0, 2, 0, 5, 3, 7, 0, 0, 0, 0, 1, 7, 6, 7, 0, 2, 0, 0, 8, 4, 1, 11, 12, 5, 4, 9, 4, 3, 6, 4, 6, 3, 5, 7, 9, 1, 0, 11, 10, 3, 4, 3, 0, 0, 0, 0, 1, 5, 2, 1, 0, 1, 0, 1, 3, 1, 0, 0, 0, 0, 0, 0, 4, 0, 0, 3, 3, 4, 4, 2, 1, 1, 2, 0, 2, 0, 0, 0, 0, 7, 7, 11, 3, 0, 1, 2, 0, 0, 0, 3, 4, 2, 3, 3, 6, 7, 4, 0, 0, 1, 8, 9, 5, 9, 9, 5, 10, 11, 9, 4, 10, 9, 12, 2, 0, 11, 5, 6, 8, 0, 0, 0, 0, 5, 3, 0, 5, 1, 0, 0, 0, 0, 1, 0, 0, 1, 4, 4, 0, 3, 7, 2, 7, 1, 8, 8, 8, 9, 5, 0, 0, 0, 4, 0, 0, 0, 0, 3, 4, 0, 0, 0, 4, 0, 3, 4, 4, 5, 0, 0, 8, 6, 3, 0, 15, 8, 6, 10, 9, 10, 6, 6, 0, 8, 5, 0, 0, 8, 3, 3, 0, 2] 
Packet Feedback Errors: [0, 3, 0, 0, 0, 0, 0, 0, 2, 0, 0, 1, 1, 2, 0, 0, 0, 0, 0, 0, 0, 0, 1, 0, 0, 0, 1, 1, 1, 1, 1, 2, 2, 1, 3, 3, 0, 1, 0, 1, 0, 0, 2, 0, 0, 1, 1, 2, 0, 0, 0, 0, 0, 0, 0, 0, 0, 0, 1, 0, 0, 0, 1, 0, 0, 0, 0, 0, 0, 1, 1, 0, 0, 0, 1, 0, 0, 0, 0, 0, 0, 0, 0, 0, 0, 0, 0, 1, 0, 1, 0, 0, 0, 1, 0, 0, 0, 0, 1, 0, 0, 1, 1, 0, 0, 0, 0, 0, 0, 1, 0, 0, 0, 0, 1, 0, 1, 1, 0, 1, 1, 1, 0, 0, 1, 0, 0, 0, 0, 0, 0, 0, 0, 0, 1, 0, 0, 0, 0, 0, 0, 0, 0, 0, 0, 0, 0, 0, 0, 0, 0, 5, 1, 0, 0, 0, 0, 0, 0, 0, 0, 0, 0, 0, 0, 0, 0, 0, 0, 0, 0, 0, 0, 0, 0, 0, 0, 0, 0, 0, 0, 0, 0, 0, 0, 0, 0, 0, 0, 0, 0, 0, 0, 0, 0, 0, 0, 0, 0, 0] 
Packet Errors: [46, 34, 42, 43, 32, 33, 39, 29, 32, 38, 30, 24, 24, 30, 22, 27, 23, 26, 27, 21, 21, 27, 23, 23, 19, 24, 15, 20, 24, 17, 33, 28, 31, 21, 18, 21, 16, 15, 23, 16, 22, 18, 21, 16, 15, 15, 19, 16, 7, 12, 8, 13, 15, 9, 10, 13, 16, 15, 14, 17, 9, 22, 16, 13, 10, 4, 9, 15, 8, 9, 9, 6, 8, 10, 14, 11, 4, 8, 14, 8, 13, 17, 10, 13, 7, 5, 7, 12, 8, 7, 6, 9, 8, 5, 9, 8, 10, 5, 5, 6, 10, 10, 1, 6, 12, 3, 7, 3, 4, 4, 6, 5, 5, 2, 4, 3, 6, 8, 9, 20, 9, 30, 5, 4, 7, 8, 7, 0, 8, 4, 4, 10, 6, 2, 2, 7, 1, 5, 6, 1, 5, 0, 0, 2, 5, 1, 13, 3, 3, 9, 3, 14, 20, 25, 34, 0, 2, 0, 2, 2, 5, 2, 0, 1, 1, 2, 2, 3, 0, 3, 2, 3, 5, 4, 3, 2, 0, 0, 2, 3, 0, 2, 2, 0, 0, 2, 0, 2, 0, 1, 2, 2, 1, 0, 2, 3, 1, 1, 19, 3] 

6 Channels: No USRP 
Reward: [63.0, 63.0, 64.0, 71.0, 61.0, 70.0, 56.0, 56.0, 64.0, 58.0, 62.0, 72.0, 62.0, 71.0, 74.0, 73.0, 74.0, 74.0, 76.0, 71.0, 77.0, 76.0, 84.0, 79.0, 82.0, 76.0, 73.0, 75.0, 87.0, 81.0, 84.0, 83.0, 80.0, 79.0, 82.0, 75.0, 87.0, 80.0, 82.0, 78.0, 79.0, 82.0, 84.0, 86.0, 84.0, 85.0, 90.0, 86.0, 82.0, 89.0, 83.0, 82.0, 87.0, 84.0, 84.0, 82.0, 91.0, 85.0, 94.0, 91.0, 82.0, 93.0, 87.0, 84.0, 90.0, 90.0, 92.0, 89.0, 89.0, 92.0, 88.0, 92.0, 81.0, 89.0, 91.0, 89.0, 97.0, 93.0, 87.0, 88.0, 90.0, 92.0, 96.0, 97.0, 95.0, 88.0, 93.0, 91.0, 90.0, 94.0, 96.0, 93.0, 93.0, 92.0, 94.0, 92.0, 91.0, 92.0, 95.0, 96.0, 89.0, 96.0, 94.0, 95.0, 94.0, 99.0, 97.0, 98.0, 97.0, 97.0, 97.0, 96.0, 96.0, 97.0, 97.0, 96.0, 96.0, 98.0, 96.0, 96.0, 97.0, 93.0, 99.0, 99.0, 97.0, 96.0, 94.0, 95.0, 100.0, 98.0, 95.0, 95.0, 97.0, 95.0, 95.0, 96.0, 96.0, 88.0, 100.0, 97.0, 96.0, 98.0, 99.0, 97.0, 100.0, 98.0, 96.0, 93.0, 95.0, 100.0, 98.0, 97.0, 95.0, 96.0, 98.0, 97.0, 98.0, 98.0, 98.0, 99.0, 100.0, 97.0, 100.0, 99.0, 95.0, 89.0, 99.0, 96.0, 98.0, 98.0, 94.0, 98.0, 100.0, 95.0, 99.0, 97.0, 100.0, 99.0, 100.0, 98.0, 98.0, 99.0, 95.0, 100.0, 93.0, 95.0, 97.0, 100.0, 99.0, 99.0, 97.0, 100.0, 98.0, 97.0, 95.0, 100.0, 95.0, 99.0, 95.0, 75.0] 
Sensing Errors: [9, 10, 9, 3, 7, 1, 5, 3, 1, 6, 9, 12, 5, 2, 6, 5, 5, 12, 2, 5, 3, 4, 6, 4, 6, 8, 8, 6, 4, 4, 2, 10, 2, 4, 9, 1, 0, 0, 6, 3, 2, 1, 2, 0, 1, 2, 0, 4, 13, 11, 6, 0, 0, 1, 2, 4, 0, 2, 1, 4, 5, 2, 6, 6, 6, 9, 1, 6, 8, 5, 6, 2, 4, 1, 2, 3, 0, 5, 10, 5, 8, 6, 7, 5, 2, 1, 0, 3, 1, 6, 4, 2, 7, 5, 0, 3, 5, 10, 7, 7, 9, 8, 7, 1, 1, 0, 3, 5, 4, 6, 5, 5, 0, 0, 0, 10, 7, 6, 1, 9, 10, 7, 3, 5, 8, 5, 5, 10, 0, 8, 10, 8, 8, 11, 11, 2, 7, 1, 6, 4, 1, 0, 0, 0, 6, 7, 10, 11, 3, 0, 0, 6, 7, 7, 0, 4, 5, 8, 7, 9, 4, 5, 7, 8, 5, 9, 10, 3, 0, 1, 3, 1, 1, 4, 11, 0, 0, 0, 2, 2, 1, 0, 3, 0, 11, 5, 5, 10, 10, 6, 2, 0, 2, 4, 3, 2, 5, 4, 13, 11] 
Packet Feedback Errors: [0, 0, 2, 2, 2, 0, 0, 0, 0, 4, 3, 1, 1, 2, 4, 1, 5, 1, 0, 1, 3, 2, 3, 0, 0, 1, 3, 0, 4, 3, 2, 1, 0, 0, 0, 0, 0, 0, 0, 0, 0, 0, 0, 1, 1, 0, 0, 1, 1, 0, 0, 0, 0, 0, 0, 1, 0, 1, 0, 0, 1, 0, 3, 0, 1, 0, 1, 0, 1, 1, 0, 1, 0, 0, 1, 0, 0, 3, 1, 0, 0, 1, 1, 1, 1, 0, 0, 0, 0, 0, 0, 0, 0, 0, 1, 0, 0, 1, 0, 0, 0, 1, 0, 0, 0, 0, 0, 0, 0, 1, 0, 0, 0, 0, 0, 0, 0, 0, 0, 0, 0, 0, 0, 0, 0, 0, 0, 0, 0, 0, 0, 0, 0, 0, 0, 0, 1, 5, 0, 0, 0, 0, 0, 0, 0, 0, 0, 0, 0, 0, 0, 0, 0, 0, 0, 0, 0, 0, 0, 0, 0, 0, 0, 0, 0, 1, 0, 0, 0, 0, 0, 0, 0, 0, 0, 0, 0, 0, 0, 0, 0, 0, 0, 0, 0, 0, 0, 0, 0, 0, 0, 0, 0, 0, 0, 0, 0, 0, 0, 0] 
Packet Errors: [37, 37, 36, 29, 39, 30, 44, 44, 36, 42, 38, 28, 38, 29, 26, 27, 26, 26, 24, 29, 23, 24, 16, 21, 18, 24, 27, 25, 13, 19, 16, 17, 20, 21, 18, 25, 13, 20, 18, 22, 21, 18, 16, 14, 16, 15, 10, 14, 18, 11, 17, 18, 13, 16, 16, 18, 9, 15, 6, 9, 18, 7, 13, 16, 10, 10, 8, 11, 11, 8, 12, 8, 19, 11, 9, 11, 3, 7, 13, 12, 10, 8, 4, 3, 5, 12, 7, 9, 10, 6, 4, 7, 7, 8, 6, 8, 9, 8, 5, 4, 11, 4, 6, 5, 6, 1, 3, 2, 3, 3, 3, 4, 4, 3, 3, 4, 4, 2, 4, 4, 3, 7, 1, 1, 3, 4, 6, 5, 0, 2, 5, 5, 3, 5, 5, 4, 4, 12, 0, 3, 4, 2, 1, 3, 0, 2, 4, 7, 5, 0, 2, 3, 5, 4, 2, 3, 2, 2, 2, 1, 0, 3, 0, 1, 5, 11, 1, 4, 2, 2, 6, 2, 0, 5, 1, 3, 0, 1, 0, 2, 2, 1, 5, 0, 7, 5, 3, 0, 1, 1, 3, 0, 2, 3, 5, 0, 5, 1, 5, 25] 

6 Channels: No USRP  (2000 zeros, 100 policy)
Reward: [62.0, 68.0, 60.0, 56.0, 69.0, 58.0, 51.0, 65.0, 74.0, 59.0, 75.0, 65.0, 70.0, 65.0, 72.0, 70.0, 73.0, 71.0, 64.0, 72.0, 71.0, 70.0, 77.0, 74.0, 67.0, 73.0, 71.0, 74.0, 65.0, 62.0, 70.0, 72.0, 77.0, 73.0, 80.0, 68.0, 76.0, 74.0, 79.0, 75.0, 77.0, 83.0, 85.0, 84.0, 71.0, 83.0, 79.0, 70.0, 75.0, 72.0, 72.0, 71.0, 82.0, 90.0, 87.0, 77.0, 84.0, 89.0, 76.0, 87.0, 90.0, 79.0, 76.0, 94.0, 87.0, 85.0, 89.0, 85.0, 88.0, 87.0, 89.0, 92.0, 87.0, 88.0, 87.0, 93.0, 86.0, 92.0, 90.0, 81.0, 76.0, 81.0, 95.0, 92.0, 84.0, 90.0, 90.0, 90.0, 83.0, 87.0, 84.0, 94.0, 89.0, 89.0, 90.0, 93.0, 93.0, 92.0, 87.0, 83.0, 95.0, 96.0, 96.0, 91.0, 96.0, 95.0, 95.0, 96.0, 92.0, 92.0, 82.0, 81.0, 84.0, 98.0, 94.0, 96.0, 97.0, 94.0, 95.0, 98.0, 96.0, 80.0, 99.0, 100.0, 96.0, 94.0, 97.0, 98.0, 97.0, 95.0, 98.0, 96.0, 94.0, 94.0, 94.0, 97.0, 98.0, 94.0, 91.0, 96.0, 94.0, 95.0, 92.0, 94.0, 95.0, 79.0, 93.0, 98.0, 100.0, 96.0, 97.0, 97.0, 98.0, 93.0, 98.0, 94.0, 96.0, 99.0, 92.0, 98.0, 99.0, 92.0, 97.0, 99.0, 97.0, 98.0, 100.0, 100.0, 98.0, 99.0, 78.0, 96.0, 95.0, 94.0, 94.0, 96.0, 97.0, 97.0, 100.0, 96.0, 98.0, 98.0, 100.0, 95.0, 62.0, 78.0, 97.0, 80.0, 86.0, 98.0, 98.0, 98.0, 98.0, 98.0, 100.0, 98.0, 99.0, 100.0, 96.0, 97.0] 
Sensing Errors: [1, 2, 0, 0, 1, 1, 0, 0, 0, 0, 0, 0, 0, 1, 0, 0, 0, 3, 0, 0, 2, 0, 0, 2, 0, 1, 1, 0, 0, 0, 1, 0, 3, 0, 0, 3, 0, 1, 0, 2, 0, 0, 0, 1, 0, 0, 2, 0, 2, 0, 4, 3, 0, 1, 0, 0, 0, 0, 1, 0, 0, 1, 0, 0, 0, 5, 2, 0, 0, 1, 0, 0, 4, 0, 0, 0, 0, 0, 1, 0, 3, 0, 0, 0, 3, 0, 0, 0, 0, 0, 1, 0, 0, 2, 0, 0, 0, 0, 2, 1, 1, 0, 0, 1, 0, 0, 0, 0, 0, 0, 2, 0, 1, 0, 3, 0, 0, 3, 0, 0, 0, 0, 0, 0, 0, 0, 0, 1, 0, 0, 0, 0, 1, 0, 1, 0, 0, 0, 0, 0, 0, 0, 0, 2, 0, 0, 0, 0, 0, 0, 0, 0, 3, 1, 0, 3, 0, 0, 0, 0, 1, 0, 1, 1, 0, 0, 3, 0, 0, 1, 0, 0, 3, 0, 4, 4, 0, 1, 0, 2, 0, 0, 0, 4, 0, 0, 0, 0, 4, 0, 0, 0, 0, 0, 0, 0, 1, 0, 0, 2] 
Packet Feedback Errors: [1, 0, 0, 0, 0, 3, 0, 1, 0, 1, 2, 0, 1, 1, 2, 0, 1, 0, 0, 0, 0, 0, 1, 0, 0, 0, 1, 0, 1, 0, 0, 2, 2, 1, 1, 0, 1, 0, 1, 0, 0, 0, 1, 2, 0, 0, 1, 0, 0, 0, 2, 1, 2, 0, 0, 1, 0, 0, 0, 0, 0, 0, 0, 0, 0, 0, 0, 0, 0, 0, 0, 0, 0, 0, 1, 1, 0, 0, 0, 0, 0, 1, 0, 0, 0, 0, 0, 0, 0, 0, 1, 1, 0, 0, 0, 0, 0, 0, 0, 0, 0, 0, 0, 0, 0, 0, 0, 0, 0, 0, 1, 0, 1, 0, 0, 0, 0, 0, 0, 0, 0, 1, 0, 0, 0, 0, 0, 0, 1, 1, 0, 0, 0, 0, 0, 0, 0, 0, 0, 0, 0, 0, 0, 0, 0, 1, 0, 0, 0, 0, 0, 0, 0, 0, 0, 0, 0, 0, 0, 0, 0, 0, 0, 0, 0, 0, 0, 0, 0, 0, 0, 0, 0, 0, 0, 0, 0, 0, 0, 0, 0, 0, 0, 0, 0, 1, 0, 0, 0, 0, 0, 0, 0, 0, 0, 0, 0, 0, 0, 0] 
Packet Errors: [38, 32, 40, 44, 31, 42, 49, 35, 26, 41, 25, 35, 30, 35, 28, 30, 27, 29, 36, 28, 29, 30, 23, 26, 33, 27, 29, 26, 35, 38, 30, 28, 23, 27, 20, 32, 24, 26, 21, 25, 23, 17, 15, 16, 29, 17, 21, 30, 25, 28, 28, 29, 18, 10, 13, 23, 16, 11, 24, 13, 10, 21, 24, 6, 13, 15, 11, 15, 12, 13, 11, 8, 13, 12, 13, 7, 14, 8, 10, 19, 24, 19, 5, 8, 16, 10, 10, 10, 17, 13, 16, 6, 11, 11, 10, 7, 7, 8, 13, 17, 5, 4, 4, 9, 4, 5, 5, 4, 8, 8, 18, 19, 16, 2, 6, 4, 3, 6, 5, 2, 4, 20, 1, 0, 4, 6, 3, 2, 3, 5, 2, 4, 6, 6, 6, 3, 2, 6, 9, 4, 6, 5, 8, 6, 5, 21, 7, 2, 0, 4, 3, 3, 2, 7, 2, 6, 4, 1, 8, 2, 1, 8, 3, 1, 3, 2, 0, 0, 2, 1, 22, 4, 5, 6, 6, 4, 3, 3, 0, 4, 2, 2, 0, 5, 38, 22, 3, 20, 14, 2, 2, 2, 2, 2, 0, 2, 1, 0, 4, 3] 

6 Channels: No USRP (1700 zeros, continuous policy)
Reward: [65.0, 64.0, 65.0, 67.0, 71.0, 63.0, 64.0, 66.0, 65.0, 66.0, 67.0, 69.0, 70.0, 62.0, 70.0, 72.0, 82.0, 65.0, 75.0, 75.0, 79.0, 77.0, 76.0, 69.0, 80.0, 79.0, 76.0, 76.0, 78.0, 85.0, 72.0, 84.0, 78.0, 80.0, 88.0, 88.0, 77.0, 81.0, 87.0, 81.0, 81.0, 79.0, 84.0, 83.0, 81.0, 78.0, 89.0, 87.0, 85.0, 86.0, 82.0, 87.0, 80.0, 85.0, 87.0, 95.0, 80.0, 85.0, 83.0, 84.0, 87.0, 84.0, 91.0, 91.0, 88.0, 90.0, 91.0, 84.0, 93.0, 94.0, 88.0, 92.0, 94.0, 91.0, 89.0, 90.0, 93.0, 88.0, 96.0, 94.0, 89.0, 93.0, 97.0, 89.0, 94.0, 88.0, 97.0, 88.0, 94.0, 95.0, 95.0, 96.0, 90.0, 94.0, 92.0, 94.0, 88.0, 87.0, 89.0, 97.0, 95.0, 95.0, 96.0, 94.0, 92.0, 92.0, 98.0, 95.0, 90.0, 92.0, 93.0, 94.0, 94.0, 88.0, 95.0, 96.0, 93.0, 97.0, 100.0, 93.0, 94.0, 90.0, 100.0, 95.0, 93.0, 95.0, 97.0, 97.0, 93.0, 97.0, 97.0, 96.0, 97.0, 97.0, 95.0, 98.0, 97.0, 94.0, 100.0, 97.0, 98.0, 98.0, 96.0, 99.0, 92.0, 95.0, 94.0, 97.0, 98.0, 98.0, 97.0, 99.0, 91.0, 95.0, 94.0, 100.0, 97.0, 98.0, 98.0, 98.0, 99.0, 96.0, 97.0, 99.0, 99.0, 98.0, 98.0, 99.0, 97.0, 99.0, 97.0, 99.0, 100.0, 98.0, 99.0, 99.0, 95.0, 99.0, 100.0, 95.0, 99.0, 99.0, 97.0, 95.0, 100.0, 98.0, 98.0, 98.0, 99.0, 97.0, 100.0, 99.0, 99.0, 99.0, 99.0, 99.0, 99.0, 95.0, 99.0, 100.0] 
Sensing Errors: [1, 3, 0, 0, 2, 1, 3, 0, 0, 1, 2, 0, 2, 0, 3, 5, 7, 0, 2, 4, 0, 1, 1, 1, 0, 5, 5, 7, 3, 7, 5, 6, 9, 6, 4, 0, 0, 2, 0, 0, 0, 0, 1, 0, 7, 9, 10, 14, 5, 2, 10, 18, 10, 7, 5, 8, 9, 3, 8, 0, 0, 6, 9, 7, 3, 4, 1, 3, 0, 4, 5, 0, 0, 1, 0, 0, 0, 2, 0, 0, 0, 0, 1, 1, 0, 3, 5, 2, 0, 0, 1, 0, 3, 5, 7, 12, 7, 9, 7, 3, 3, 0, 4, 6, 6, 9, 2, 7, 10, 10, 5, 1, 3, 6, 0, 3, 1, 9, 11, 9, 13, 8, 5, 2, 8, 0, 1, 0, 1, 0, 4, 5, 0, 0, 1, 0, 0, 3, 6, 10, 4, 5, 7, 4, 3, 2, 2, 1, 2, 5, 7, 6, 6, 4, 1, 0, 0, 7, 0, 1, 1, 0, 1, 1, 0, 2, 0, 1, 3, 3, 1, 0, 0, 0, 0, 0, 2, 0, 0, 2, 0, 0, 0, 3, 0, 0, 1, 0, 16, 0, 0, 0, 1, 7, 38, 0, 1, 4, 30, 0] 
Packet Feedback Errors: [2, 1, 1, 0, 0, 1, 0, 1, 0, 1, 0, 0, 1, 1, 0, 2, 0, 0, 0, 0, 1, 0, 0, 0, 0, 2, 3, 3, 0, 1, 2, 2, 0, 0, 0, 0, 0, 0, 0, 0, 0, 0, 0, 0, 0, 3, 1, 1, 0, 0, 1, 1, 1, 1, 0, 1, 0, 1, 1, 0, 0, 0, 1, 0, 0, 0, 0, 0, 0, 1, 0, 0, 0, 0, 0, 0, 0, 0, 0, 0, 0, 0, 1, 0, 0, 0, 0, 0, 0, 1, 0, 0, 0, 0, 0, 0, 0, 0, 0, 0, 1, 0, 1, 0, 0, 0, 1, 0, 1, 1, 0, 0, 1, 0, 0, 0, 0, 0, 0, 0, 0, 0, 0, 0, 0, 0, 0, 0, 0, 0, 0, 1, 0, 0, 0, 0, 0, 1, 0, 0, 0, 0, 0, 0, 0, 0, 0, 0, 0, 0, 0, 0, 0, 0, 0, 0, 0, 0, 0, 0, 0, 0, 0, 1, 0, 0, 0, 0, 0, 0, 0, 0, 0, 0, 0, 0, 0, 0, 0, 0, 0, 0, 0, 0, 0, 0, 0, 0, 0, 0, 0, 0, 0, 0, 0, 0, 0, 0, 0, 0] 
Packet Errors: [35, 36, 35, 33, 29, 37, 36, 34, 35, 34, 33, 31, 30, 38, 30, 28, 18, 35, 25, 25, 21, 23, 24, 31, 20, 21, 24, 24, 22, 15, 28, 16, 22, 20, 12, 12, 23, 19, 13, 19, 19, 21, 16, 17, 19, 22, 11, 13, 15, 14, 18, 13, 20, 15, 13, 5, 20, 15, 17, 16, 13, 16, 9, 9, 12, 10, 9, 16, 7, 6, 12, 8, 6, 9, 11, 10, 7, 12, 4, 6, 11, 7, 3, 11, 6, 12, 3, 12, 6, 5, 5, 4, 10, 6, 8, 6, 12, 13, 11, 3, 5, 5, 4, 6, 8, 8, 2, 5, 10, 8, 7, 6, 6, 12, 5, 4, 7, 3, 0, 7, 6, 10, 0, 5, 7, 5, 3, 3, 7, 3, 3, 4, 3, 3, 5, 2, 3, 6, 0, 3, 2, 2, 4, 1, 8, 5, 6, 3, 2, 2, 3, 1, 9, 5, 6, 0, 3, 2, 2, 2, 1, 4, 3, 1, 1, 2, 2, 1, 3, 1, 3, 1, 0, 2, 1, 1, 5, 1, 0, 5, 1, 1, 3, 5, 0, 2, 2, 2, 1, 3, 0, 1, 1, 1, 1, 1, 1, 5, 1, 0] 

8 Channels: No USRP (1700, continuous policy)
Reward: [76.0, 74.0, 74.0, 66.0, 75.0, 74.0, 73.0, 72.0, 77.0, 77.0, 70.0, 75.0, 78.0, 81.0, 74.0, 78.0, 77.0, 79.0, 77.0, 83.0, 83.0, 79.0, 76.0, 83.0, 87.0, 78.0, 77.0, 83.0, 85.0, 81.0, 79.0, 87.0, 87.0, 88.0, 85.0, 80.0, 86.0, 84.0, 88.0, 90.0, 87.0, 84.0, 85.0, 90.0, 84.0, 87.0, 89.0, 88.0, 91.0, 86.0, 90.0, 85.0, 94.0, 90.0, 85.0, 89.0, 87.0, 94.0, 87.0, 90.0, 89.0, 91.0, 91.0, 88.0, 90.0, 88.0, 93.0, 95.0, 91.0, 93.0, 92.0, 92.0, 89.0, 95.0, 95.0, 91.0, 93.0, 98.0, 96.0, 92.0, 96.0, 94.0, 92.0, 95.0, 95.0, 97.0, 94.0, 91.0, 96.0, 96.0, 94.0, 97.0, 97.0, 97.0, 95.0, 94.0, 99.0, 93.0, 95.0, 96.0, 94.0, 97.0, 97.0, 97.0, 94.0, 99.0, 94.0, 99.0, 96.0, 98.0, 98.0, 98.0, 98.0, 96.0, 96.0, 95.0, 93.0, 97.0, 99.0, 95.0, 97.0, 99.0, 98.0, 98.0, 97.0, 96.0, 98.0, 92.0, 97.0, 98.0, 97.0, 94.0, 96.0, 97.0, 99.0, 96.0, 99.0, 99.0, 97.0, 99.0, 97.0, 99.0, 97.0, 98.0, 97.0, 96.0, 99.0, 99.0, 99.0, 100.0, 99.0, 95.0, 96.0, 99.0, 99.0, 99.0, 99.0, 99.0, 100.0, 98.0, 100.0, 98.0, 99.0, 100.0, 100.0, 100.0, 100.0, 97.0, 99.0, 99.0, 100.0, 98.0, 100.0, 98.0, 99.0, 99.0, 99.0, 97.0, 100.0, 99.0, 98.0, 99.0, 96.0, 98.0, 100.0, 100.0, 99.0, 100.0, 100.0, 99.0, 99.0, 97.0, 100.0, 100.0, 100.0, 100.0, 99.0, 100.0, 100.0, 100.0] 
Sensing Errors: [0, 2, 3, 0, 0, 5, 0, 0, 0, 0, 0, 0, 0, 0, 0, 0, 2, 0, 0, 0, 0, 1, 0, 0, 0, 0, 1, 0, 0, 0, 0, 0, 0, 4, 0, 1, 3, 3, 0, 0, 0, 1, 0, 0, 1, 0, 0, 0, 0, 0, 0, 0, 0, 0, 0, 0, 0, 0, 0, 0, 0, 0, 0, 0, 0, 2, 0, 0, 0, 0, 0, 0, 0, 0, 0, 0, 0, 0, 0, 0, 0, 0, 0, 0, 0, 0, 0, 0, 0, 0, 3, 0, 0, 0, 0, 0, 0, 0, 0, 0, 0, 0, 0, 0, 0, 0, 0, 0, 0, 0, 0, 0, 0, 0, 0, 1, 0, 0, 0, 6, 0, 0, 0, 0, 3, 0, 0, 0, 0, 0, 0, 0, 0, 0, 0, 0, 0, 0, 0, 0, 0, 0, 0, 0, 0, 0, 0, 0, 0, 0, 0, 0, 0, 0, 0, 0, 0, 0, 0, 0, 0, 0, 0, 0, 0, 0, 0, 0, 0, 0, 0, 0, 0, 0, 0, 0, 0, 0, 0, 0, 0, 0, 0, 0, 0, 0, 0, 0, 0, 0, 0, 0, 0, 0, 0, 0, 0, 0, 0, 0] 
Packet Feedback Errors: [0, 0, 1, 2, 0, 1, 1, 0, 1, 0, 0, 0, 1, 0, 0, 0, 0, 0, 0, 1, 1, 0, 0, 0, 0, 0, 0, 1, 1, 0, 0, 0, 0, 0, 0, 0, 0, 1, 0, 0, 0, 0, 0, 0, 1, 0, 0, 0, 1, 0, 0, 1, 2, 0, 0, 0, 0, 1, 0, 0, 0, 0, 0, 0, 0, 0, 0, 0, 0, 1, 0, 0, 0, 0, 0, 0, 0, 1, 0, 0, 0, 0, 0, 0, 0, 0, 0, 0, 0, 0, 0, 0, 0, 0, 0, 0, 0, 0, 0, 0, 0, 0, 0, 0, 0, 0, 0, 0, 0, 0, 0, 0, 0, 0, 0, 0, 0, 0, 0, 1, 0, 0, 0, 0, 0, 0, 0, 0, 0, 0, 0, 0, 0, 0, 0, 0, 0, 1, 0, 0, 0, 0, 0, 0, 0, 0, 0, 0, 0, 0, 0, 0, 0, 0, 0, 0, 0, 0, 1, 0, 0, 0, 0, 0, 0, 0, 0, 0, 0, 0, 0, 0, 0, 0, 0, 0, 0, 0, 0, 0, 0, 0, 0, 0, 0, 0, 0, 0, 0, 0, 0, 0, 0, 0, 0, 0, 0, 0, 0, 0] 
Packet Errors: [24, 26, 26, 34, 25, 26, 27, 28, 23, 23, 30, 25, 22, 19, 26, 22, 23, 21, 23, 17, 17, 21, 24, 17, 13, 22, 23, 17, 15, 19, 21, 13, 13, 12, 15, 20, 14, 16, 12, 10, 13, 16, 15, 10, 16, 13, 11, 12, 9, 14, 10, 15, 6, 10, 15, 11, 13, 6, 13, 10, 11, 9, 9, 12, 10, 12, 7, 5, 9, 7, 8, 8, 11, 5, 5, 9, 7, 2, 4, 8, 4, 6, 8, 5, 5, 3, 6, 9, 4, 4, 6, 3, 3, 3, 5, 6, 1, 7, 5, 4, 6, 3, 3, 3, 6, 1, 6, 1, 4, 2, 2, 2, 2, 4, 4, 5, 7, 3, 1, 5, 3, 1, 2, 2, 3, 4, 2, 8, 3, 2, 3, 6, 4, 3, 1, 4, 1, 1, 3, 1, 3, 1, 3, 2, 3, 4, 1, 1, 1, 0, 1, 5, 4, 1, 1, 1, 1, 1, 0, 2, 0, 2, 1, 0, 0, 0, 0, 3, 1, 1, 0, 2, 0, 2, 1, 1, 1, 3, 0, 1, 2, 1, 4, 2, 0, 0, 1, 0, 0, 1, 1, 3, 0, 0, 0, 0, 1, 0, 0, 0] 

8 Channels: No USRP 
Reward: [75.0, 72.0, 78.0, 67.0, 69.0, 72.0, 68.0, 73.0, 73.0, 78.0, 72.0, 71.0, 72.0, 74.0, 73.0, 67.0, 78.0, 83.0, 77.0, 86.0, 84.0, 76.0, 76.0, 78.0, 74.0, 80.0, 81.0, 82.0, 83.0, 76.0, 75.0, 83.0, 87.0, 75.0, 80.0, 88.0, 84.0, 91.0, 81.0, 91.0, 83.0, 86.0, 80.0, 86.0, 88.0, 88.0, 86.0, 84.0, 85.0, 90.0, 89.0, 89.0, 87.0, 86.0, 93.0, 87.0, 94.0, 93.0, 88.0, 90.0, 86.0, 93.0, 91.0, 88.0, 88.0, 91.0, 90.0, 92.0, 92.0, 94.0, 86.0, 93.0, 88.0, 97.0, 93.0, 93.0, 93.0, 95.0, 95.0, 98.0, 96.0, 91.0, 95.0, 95.0, 95.0, 93.0, 86.0, 98.0, 91.0, 95.0, 95.0, 91.0, 95.0, 97.0, 94.0, 95.0, 97.0, 94.0, 94.0, 96.0, 98.0, 94.0, 97.0, 93.0, 97.0, 95.0, 95.0, 96.0, 97.0, 97.0, 99.0, 98.0, 99.0, 96.0, 98.0, 95.0, 98.0, 97.0, 97.0, 97.0, 96.0, 95.0, 99.0, 97.0, 98.0, 99.0, 98.0, 98.0, 100.0, 99.0, 97.0, 96.0, 99.0, 97.0, 99.0, 100.0, 97.0, 97.0, 98.0, 98.0, 97.0, 98.0, 99.0, 100.0, 99.0, 97.0, 99.0, 99.0, 99.0, 97.0, 98.0, 99.0, 98.0, 98.0, 98.0, 98.0, 98.0, 99.0, 99.0, 98.0, 100.0, 100.0, 99.0, 99.0, 95.0, 99.0, 99.0, 99.0, 97.0, 99.0, 100.0, 100.0, 99.0, 100.0, 98.0, 100.0, 100.0, 99.0, 98.0, 100.0, 99.0, 99.0, 100.0, 99.0, 100.0, 100.0, 100.0, 100.0, 100.0, 100.0, 97.0, 99.0, 100.0, 98.0, 99.0, 100.0, 99.0, 99.0, 98.0, 99.0] 
Sensing Errors: [0, 0, 0, 0, 0, 0, 0, 0, 0, 0, 0, 0, 0, 0, 0, 0, 0, 0, 0, 0, 0, 0, 0, 0, 0, 0, 0, 0, 0, 0, 0, 0, 0, 0, 0, 0, 0, 0, 0, 0, 0, 0, 0, 0, 0, 0, 0, 0, 0, 0, 0, 0, 0, 0, 0, 0, 0, 0, 0, 0, 0, 0, 0, 0, 0, 0, 0, 0, 0, 1, 0, 0, 0, 0, 0, 0, 1, 0, 0, 0, 0, 0, 0, 0, 0, 0, 0, 0, 0, 1, 0, 0, 0, 0, 0, 0, 0, 0, 0, 0, 0, 0, 0, 0, 0, 3, 0, 0, 0, 0, 0, 0, 0, 0, 0, 0, 0, 0, 0, 0, 0, 1, 0, 0, 0, 0, 0, 0, 0, 0, 0, 0, 0, 0, 0, 0, 0, 0, 0, 0, 0, 0, 0, 0, 0, 0, 0, 0, 0, 0, 0, 1, 0, 0, 0, 0, 0, 3, 0, 0, 0, 0, 0, 5, 0, 0, 0, 0, 0, 0, 0, 0, 0, 0, 0, 0, 0, 0, 0, 0, 0, 1, 0, 0, 0, 0, 0, 0, 0, 0, 1, 0, 0, 0, 2, 0, 0, 3, 0, 0] 
Packet Feedback Errors: [0, 0, 1, 1, 1, 0, 0, 0, 1, 0, 0, 0, 2, 0, 0, 0, 0, 0, 0, 1, 0, 0, 0, 1, 0, 0, 1, 0, 0, 0, 0, 1, 1, 2, 0, 0, 1, 0, 1, 0, 0, 0, 0, 0, 0, 0, 0, 0, 0, 0, 0, 0, 0, 0, 0, 0, 0, 0, 0, 0, 1, 0, 0, 0, 0, 0, 0, 1, 0, 1, 0, 0, 0, 0, 0, 0, 0, 0, 0, 0, 0, 0, 0, 0, 0, 0, 1, 0, 0, 0, 0, 0, 0, 0, 0, 0, 0, 0, 0, 0, 0, 0, 0, 0, 0, 1, 0, 0, 0, 0, 0, 0, 0, 0, 1, 0, 0, 0, 0, 0, 0, 0, 0, 0, 0, 0, 0, 0, 0, 0, 0, 0, 0, 0, 0, 1, 0, 0, 0, 0, 0, 0, 0, 0, 0, 0, 0, 0, 0, 0, 0, 0, 0, 0, 0, 0, 0, 0, 0, 0, 0, 0, 0, 1, 0, 0, 0, 0, 0, 0, 0, 0, 0, 0, 0, 0, 0, 0, 0, 0, 0, 0, 0, 0, 0, 0, 0, 0, 0, 0, 0, 0, 0, 0, 0, 0, 0, 0, 0, 0] 
Packet Errors: [25, 28, 22, 33, 31, 28, 32, 27, 27, 22, 28, 29, 28, 26, 27, 33, 22, 17, 23, 14, 16, 24, 24, 22, 26, 20, 19, 18, 17, 24, 25, 17, 13, 25, 20, 12, 16, 9, 19, 9, 17, 14, 20, 14, 12, 12, 14, 16, 15, 10, 11, 11, 13, 14, 7, 13, 6, 7, 12, 10, 14, 7, 9, 12, 12, 9, 10, 8, 8, 6, 14, 7, 12, 3, 7, 7, 7, 5, 5, 2, 4, 9, 5, 5, 5, 7, 14, 2, 9, 5, 5, 9, 5, 3, 6, 5, 3, 6, 6, 4, 2, 6, 3, 7, 3, 5, 5, 4, 3, 3, 1, 2, 1, 4, 2, 5, 2, 3, 3, 3, 4, 5, 1, 3, 2, 1, 2, 2, 0, 1, 3, 4, 1, 3, 1, 0, 3, 3, 2, 2, 3, 2, 1, 0, 1, 3, 1, 1, 1, 3, 2, 1, 2, 2, 2, 2, 2, 1, 1, 2, 0, 0, 1, 1, 5, 1, 1, 1, 3, 1, 0, 0, 1, 0, 2, 0, 0, 1, 2, 0, 1, 1, 0, 1, 0, 0, 0, 0, 0, 0, 3, 1, 0, 2, 1, 0, 1, 1, 2, 1] 

8 Channels: No USRP 
Reward: [66.0, 65.0, 60.0, 58.0, 60.0, 57.0, 65.0, 56.0, 68.0, 56.0, 61.0, 61.0, 54.0, 46.0, 59.0, 52.0, 71.0, 78.0, 66.0, 62.0, 78.0, 59.0, 68.0, 73.0, 58.0, 57.0, 65.0, 79.0, 71.0, 82.0, 66.0, 63.0, 64.0, 69.0, 65.0, 64.0, 61.0, 76.0, 69.0, 75.0, 76.0, 65.0, 80.0, 71.0, 71.0, 73.0, 77.0, 61.0, 65.0, 67.0, 80.0, 76.0, 81.0, 71.0, 64.0, 79.0, 57.0, 69.0, 73.0, 76.0, 58.0, 73.0, 58.0, 73.0, 70.0, 82.0, 62.0, 76.0, 86.0, 86.0, 67.0, 74.0, 69.0, 82.0, 67.0, 77.0, 84.0, 59.0, 67.0, 82.0, 93.0, 72.0, 88.0, 77.0, 78.0, 72.0, 74.0, 75.0, 79.0, 83.0, 81.0, 72.0, 82.0, 72.0, 70.0, 77.0, 74.0, 71.0, 69.0, 79.0, 81.0, 74.0, 78.0, 69.0, 73.0, 89.0, 86.0, 80.0, 78.0, 85.0, 85.0, 70.0, 80.0, 77.0, 90.0, 91.0, 89.0, 73.0, 87.0, 79.0, 89.0, 83.0, 97.0, 86.0, 81.0, 78.0, 87.0, 89.0, 77.0, 90.0, 88.0, 76.0, 83.0, 75.0, 78.0, 66.0, 69.0, 84.0, 78.0, 84.0, 85.0, 91.0, 89.0, 85.0, 75.0, 77.0, 86.0, 77.0, 83.0, 86.0, 81.0, 90.0, 80.0, 85.0, 85.0, 90.0, 92.0, 83.0, 85.0, 84.0, 95.0, 85.0, 89.0, 79.0, 92.0, 87.0, 89.0, 76.0, 90.0, 84.0, 87.0, 94.0, 94.0, 91.0, 95.0, 82.0, 88.0, 89.0, 96.0, 87.0, 100.0, 87.0, 98.0, 92.0, 100.0, 83.0, 89.0, 92.0, 77.0, 99.0, 93.0, 90.0, 94.0, 94.0, 97.0, 89.0, 88.0, 91.0, 72.0, 89.0] 
Sensing Errors: [36, 39, 33, 48, 45, 32, 36, 58, 34, 55, 33, 37, 46, 43, 39, 46, 21, 27, 25, 41, 31, 39, 59, 32, 70, 67, 49, 21, 43, 31, 52, 67, 44, 33, 57, 71, 47, 33, 64, 45, 42, 59, 25, 46, 35, 42, 36, 54, 70, 43, 30, 47, 40, 34, 58, 31, 64, 42, 51, 48, 62, 48, 64, 33, 50, 36, 77, 48, 54, 30, 57, 41, 74, 38, 60, 50, 26, 57, 29, 54, 44, 47, 49, 70, 49, 50, 49, 50, 34, 38, 45, 62, 23, 68, 47, 27, 55, 47, 51, 63, 73, 54, 61, 41, 45, 36, 55, 55, 62, 72, 24, 62, 41, 63, 71, 48, 15, 60, 26, 76, 36, 42, 86, 49, 41, 57, 35, 84, 54, 25, 52, 58, 40, 30, 54, 61, 56, 54, 81, 56, 50, 30, 22, 47, 61, 77, 47, 65, 52, 54, 43, 41, 65, 65, 64, 59, 47, 52, 41, 48, 49, 52, 25, 54, 31, 33, 44, 58, 66, 74, 66, 75, 34, 53, 84, 37, 61, 37, 68, 53, 100, 71, 86, 51, 100, 54, 38, 77, 68, 81, 73, 87, 83, 84, 76, 92, 65, 65, 45, 83] 
Packet Feedback Errors: [2, 1, 0, 2, 0, 1, 3, 1, 0, 0, 1, 1, 0, 2, 1, 3, 2, 1, 0, 1, 1, 0, 1, 1, 0, 0, 2, 2, 0, 0, 0, 1, 1, 0, 0, 1, 1, 0, 1, 0, 0, 1, 1, 1, 1, 0, 0, 0, 0, 2, 0, 1, 0, 0, 2, 0, 0, 0, 0, 1, 0, 0, 0, 0, 0, 1, 3, 3, 0, 0, 0, 0, 0, 1, 0, 2, 0, 0, 0, 0, 1, 0, 1, 0, 0, 1, 0, 0, 0, 0, 0, 1, 0, 0, 0, 2, 0, 1, 0, 0, 0, 0, 0, 0, 0, 1, 0, 2, 0, 0, 2, 0, 0, 0, 0, 0, 0, 0, 0, 0, 0, 0, 0, 0, 0, 0, 0, 1, 0, 0, 0, 0, 0, 1, 0, 0, 0, 0, 0, 0, 0, 0, 0, 0, 0, 0, 0, 0, 1, 0, 1, 0, 0, 0, 1, 0, 0, 0, 0, 0, 0, 0, 0, 0, 0, 1, 0, 0, 0, 0, 0, 0, 0, 1, 0, 0, 0, 0, 0, 1, 0, 0, 0, 0, 0, 0, 0, 0, 0, 1, 0, 0, 0, 0, 0, 0, 0, 0, 1, 0] 
Packet Errors: [34, 35, 40, 42, 40, 43, 35, 44, 32, 44, 39, 39, 46, 54, 41, 48, 29, 22, 34, 38, 22, 41, 32, 27, 42, 43, 35, 21, 29, 18, 34, 37, 36, 31, 35, 36, 39, 24, 31, 25, 24, 35, 20, 29, 29, 27, 23, 39, 35, 33, 20, 24, 19, 29, 36, 21, 43, 31, 27, 24, 42, 27, 42, 27, 30, 18, 38, 24, 14, 14, 33, 26, 31, 18, 33, 23, 16, 41, 33, 18, 7, 28, 12, 23, 22, 28, 26, 25, 21, 17, 19, 28, 18, 28, 30, 23, 26, 29, 31, 21, 19, 26, 22, 31, 27, 11, 14, 20, 22, 15, 15, 30, 20, 23, 10, 9, 11, 27, 13, 21, 11, 17, 3, 14, 19, 22, 13, 11, 23, 10, 12, 24, 17, 25, 22, 34, 31, 16, 22, 16, 15, 9, 11, 15, 25, 23, 14, 23, 17, 14, 19, 10, 20, 15, 15, 10, 8, 17, 15, 16, 5, 15, 11, 21, 8, 13, 11, 24, 10, 16, 13, 6, 6, 9, 5, 18, 12, 11, 4, 13, 0, 13, 2, 8, 0, 17, 11, 8, 23, 1, 7, 10, 6, 6, 3, 11, 12, 9, 28, 11] 

12 Channels: No USRP 
Reward: [87.0, 85.0, 81.0, 87.0, 82.0, 84.0, 85.0, 82.0, 80.0, 84.0, 86.0, 79.0, 79.0, 86.0, 88.0, 89.0, 85.0, 90.0, 84.0, 88.0, 89.0, 86.0, 94.0, 93.0, 88.0, 87.0, 90.0, 87.0, 92.0, 86.0, 92.0, 88.0, 90.0, 91.0, 90.0, 90.0, 90.0, 88.0, 91.0, 97.0, 96.0, 95.0, 95.0, 88.0, 90.0, 93.0, 93.0, 88.0, 90.0, 93.0, 90.0, 94.0, 94.0, 97.0, 93.0, 96.0, 95.0, 98.0, 95.0, 98.0, 95.0, 92.0, 95.0, 99.0, 96.0, 96.0, 94.0, 94.0, 94.0, 94.0, 97.0, 95.0, 94.0, 93.0, 96.0, 97.0, 94.0, 97.0, 95.0, 95.0, 98.0, 95.0, 96.0, 94.0, 98.0, 95.0, 94.0, 96.0, 96.0, 100.0, 98.0, 98.0, 95.0, 95.0, 96.0, 97.0, 99.0, 94.0, 95.0, 98.0, 98.0, 99.0, 98.0, 96.0, 97.0, 98.0, 99.0, 100.0, 97.0, 95.0, 100.0, 100.0, 97.0, 97.0, 100.0, 97.0, 99.0, 98.0, 99.0, 99.0, 96.0, 96.0, 98.0, 99.0, 98.0, 99.0, 97.0, 97.0, 97.0, 99.0, 98.0, 98.0, 100.0, 100.0, 100.0, 98.0, 99.0, 100.0, 97.0, 98.0, 99.0, 97.0, 100.0, 100.0, 99.0, 98.0, 99.0, 100.0, 99.0, 99.0, 98.0, 97.0, 100.0, 100.0, 100.0, 99.0, 99.0, 99.0, 98.0, 99.0, 100.0, 100.0, 100.0, 100.0, 99.0, 99.0, 99.0, 98.0, 100.0, 98.0, 100.0, 100.0, 98.0, 99.0, 100.0, 98.0, 99.0, 99.0, 98.0, 99.0, 99.0, 99.0, 100.0, 100.0, 100.0, 99.0, 100.0, 100.0, 100.0, 98.0, 99.0, 100.0, 99.0, 100.0, 99.0, 100.0, 99.0, 100.0, 99.0, 98.0] 
Sensing Errors: [0, 1, 0, 0, 0, 0, 0, 0, 0, 3, 0, 0, 0, 1, 0, 0, 0, 0, 0, 0, 0, 2, 0, 1, 0, 0, 0, 1, 1, 0, 0, 0, 0, 0, 1, 0, 1, 0, 0, 0, 0, 0, 1, 0, 1, 0, 0, 0, 0, 0, 0, 0, 0, 0, 0, 0, 0, 0, 0, 0, 0, 0, 0, 0, 0, 1, 0, 0, 1, 1, 0, 1, 0, 1, 0, 0, 0, 0, 1, 1, 0, 0, 0, 0, 0, 0, 0, 0, 0, 0, 0, 0, 0, 0, 0, 0, 0, 0, 0, 0, 0, 0, 0, 0, 0, 0, 0, 0, 0, 0, 0, 0, 0, 0, 0, 0, 0, 0, 0, 0, 0, 0, 0, 0, 0, 0, 0, 0, 0, 0, 0, 0, 0, 0, 0, 0, 0, 0, 0, 0, 0, 0, 0, 0, 0, 0, 0, 0, 0, 0, 1, 0, 0, 0, 0, 0, 0, 0, 0, 0, 0, 0, 0, 0, 0, 0, 0, 0, 0, 0, 0, 0, 0, 0, 0, 0, 0, 0, 0, 0, 0, 0, 0, 0, 0, 0, 0, 0, 0, 0, 0, 0, 0, 0, 0, 0, 0, 0, 0, 1] 
Packet Feedback Errors: [0, 1, 1, 1, 0, 0, 0, 0, 1, 0, 0, 0, 0, 0, 1, 0, 0, 0, 0, 0, 0, 0, 1, 0, 0, 0, 0, 0, 0, 1, 0, 0, 0, 1, 1, 0, 0, 0, 0, 0, 0, 0, 0, 0, 0, 0, 0, 0, 1, 0, 0, 0, 0, 0, 0, 0, 0, 0, 0, 0, 0, 0, 0, 0, 0, 0, 0, 0, 0, 0, 0, 0, 0, 0, 0, 0, 0, 0, 0, 0, 0, 0, 0, 0, 0, 0, 0, 0, 0, 0, 0, 0, 0, 0, 1, 0, 0, 1, 0, 0, 0, 0, 0, 0, 0, 0, 0, 0, 0, 0, 0, 0, 0, 0, 0, 0, 0, 0, 0, 0, 0, 0, 0, 0, 0, 0, 0, 0, 0, 0, 0, 0, 0, 0, 0, 0, 0, 0, 0, 0, 0, 0, 0, 0, 0, 0, 0, 0, 0, 0, 0, 0, 0, 0, 0, 0, 0, 0, 0, 0, 0, 0, 0, 0, 0, 0, 0, 0, 0, 0, 1, 0, 0, 0, 0, 0, 0, 0, 0, 0, 0, 0, 0, 0, 0, 0, 0, 0, 0, 0, 0, 0, 0, 0, 0, 0, 0, 0, 0, 0] 
Packet Errors: [13, 15, 19, 13, 18, 16, 15, 18, 20, 16, 14, 21, 21, 14, 12, 11, 15, 10, 16, 12, 11, 14, 6, 7, 12, 13, 10, 13, 8, 14, 8, 12, 10, 9, 10, 10, 10, 12, 9, 3, 4, 5, 5, 12, 10, 7, 7, 12, 10, 7, 10, 6, 6, 3, 7, 4, 5, 2, 5, 2, 5, 8, 5, 1, 4, 4, 6, 6, 6, 6, 3, 5, 6, 7, 4, 3, 6, 3, 5, 5, 2, 5, 4, 6, 2, 5, 6, 4, 4, 0, 2, 2, 5, 5, 4, 3, 1, 6, 5, 2, 2, 1, 2, 4, 3, 2, 1, 0, 3, 5, 0, 0, 3, 3, 0, 3, 1, 2, 1, 1, 4, 4, 2, 1, 2, 1, 3, 3, 3, 1, 2, 2, 0, 0, 0, 2, 1, 0, 3, 2, 1, 3, 0, 0, 1, 2, 1, 0, 1, 1, 2, 3, 0, 0, 0, 1, 1, 1, 2, 1, 0, 0, 0, 0, 1, 1, 1, 2, 0, 2, 0, 0, 2, 1, 0, 2, 1, 1, 2, 1, 1, 1, 0, 0, 0, 1, 0, 0, 0, 2, 1, 0, 1, 0, 1, 0, 1, 0, 1, 2] 

12 Channels: No USRP 
Reward: [85.0, 88.0, 79.0, 85.0, 87.0, 88.0, 84.0, 86.0, 89.0, 84.0, 86.0, 90.0, 88.0, 85.0, 93.0, 85.0, 86.0, 79.0, 86.0, 88.0, 84.0, 83.0, 88.0, 86.0, 94.0, 89.0, 88.0, 92.0, 88.0, 79.0, 91.0, 91.0, 89.0, 89.0, 92.0, 84.0, 93.0, 90.0, 92.0, 96.0, 91.0, 97.0, 95.0, 87.0, 93.0, 89.0, 94.0, 96.0, 98.0, 96.0, 94.0, 94.0, 92.0, 92.0, 91.0, 95.0, 98.0, 98.0, 95.0, 94.0, 95.0, 97.0, 95.0, 96.0, 97.0, 96.0, 93.0, 96.0, 95.0, 94.0, 92.0, 96.0, 97.0, 95.0, 95.0, 96.0, 97.0, 91.0, 95.0, 94.0, 99.0, 98.0, 93.0, 93.0, 95.0, 95.0, 97.0, 99.0, 99.0, 98.0, 100.0, 98.0, 99.0, 96.0, 96.0, 93.0, 95.0, 96.0, 98.0, 98.0, 99.0, 96.0, 97.0, 99.0, 98.0, 97.0, 96.0, 98.0, 98.0, 98.0, 98.0, 100.0, 100.0, 98.0, 96.0, 98.0, 100.0, 97.0, 100.0, 100.0, 98.0, 96.0, 96.0, 100.0, 98.0, 97.0, 98.0, 99.0, 99.0, 99.0, 97.0, 100.0, 100.0, 99.0, 100.0, 99.0, 100.0, 100.0, 98.0, 97.0, 99.0, 100.0, 100.0, 99.0, 99.0, 98.0, 100.0, 99.0, 98.0, 99.0, 99.0, 100.0, 98.0, 100.0, 100.0, 100.0, 98.0, 100.0, 99.0, 99.0, 97.0, 100.0, 100.0, 99.0, 100.0, 100.0, 100.0, 97.0, 100.0, 100.0, 100.0, 100.0, 100.0, 100.0, 100.0, 99.0, 100.0, 100.0, 98.0, 98.0, 99.0, 97.0, 97.0, 100.0, 100.0, 99.0, 99.0, 100.0, 100.0, 100.0, 100.0, 99.0, 100.0, 98.0, 99.0, 100.0, 100.0, 99.0, 100.0, 98.0] 
Sensing Errors: [3, 0, 0, 1, 0, 1, 0, 1, 1, 0, 0, 0, 1, 0, 0, 1, 1, 6, 0, 3, 1, 1, 2, 0, 2, 6, 0, 0, 1, 1, 2, 1, 0, 0, 0, 1, 1, 0, 0, 0, 0, 0, 2, 4, 1, 3, 1, 1, 0, 1, 0, 1, 2, 2, 1, 2, 0, 0, 0, 0, 4, 0, 0, 0, 1, 0, 0, 0, 0, 0, 0, 0, 0, 0, 1, 0, 1, 2, 0, 0, 1, 2, 1, 1, 0, 0, 1, 1, 1, 1, 0, 1, 4, 2, 3, 2, 0, 0, 2, 2, 4, 1, 1, 2, 1, 0, 2, 3, 2, 1, 12, 1, 1, 0, 0, 0, 1, 1, 1, 2, 0, 1, 0, 0, 0, 0, 0, 1, 0, 0, 0, 0, 0, 0, 0, 0, 0, 0, 0, 0, 0, 0, 0, 0, 1, 0, 3, 0, 4, 3, 0, 0, 0, 0, 0, 0, 0, 1, 1, 4, 1, 2, 0, 1, 1, 2, 5, 0, 0, 0, 0, 0, 0, 0, 1, 0, 0, 0, 0, 4, 2, 3, 2, 2, 2, 2, 2, 1, 2, 4, 1, 3, 1, 2, 1, 1, 3, 3, 4, 1] 
Packet Feedback Errors: [1, 0, 0, 0, 0, 1, 1, 1, 1, 0, 0, 0, 0, 1, 1, 0, 0, 0, 0, 0, 0, 0, 0, 1, 1, 0, 1, 0, 0, 0, 1, 0, 0, 0, 0, 0, 0, 0, 0, 0, 0, 0, 0, 0, 0, 2, 0, 0, 0, 0, 0, 0, 0, 0, 0, 0, 0, 0, 1, 0, 0, 1, 0, 1, 0, 0, 0, 0, 0, 0, 0, 0, 0, 0, 0, 1, 0, 0, 1, 0, 0, 0, 0, 0, 0, 0, 0, 0, 0, 0, 0, 0, 0, 0, 0, 0, 1, 0, 0, 0, 0, 0, 0, 0, 0, 0, 0, 0, 0, 0, 0, 0, 0, 0, 0, 0, 0, 0, 0, 0, 0, 0, 0, 0, 0, 1, 0, 0, 0, 0, 1, 0, 0, 0, 0, 0, 0, 0, 0, 0, 0, 0, 0, 0, 0, 0, 0, 0, 0, 0, 0, 0, 0, 0, 0, 0, 0, 0, 0, 0, 0, 0, 0, 1, 0, 0, 0, 0, 0, 0, 0, 0, 0, 0, 0, 0, 0, 0, 0, 1, 0, 0, 0, 0, 0, 0, 0, 0, 0, 0, 0, 0, 0, 0, 0, 0, 0, 0, 0, 0] 
Packet Errors: [15, 12, 21, 15, 13, 12, 16, 14, 11, 16, 14, 10, 12, 15, 7, 15, 14, 21, 14, 12, 16, 17, 12, 14, 6, 11, 12, 8, 12, 21, 9, 9, 11, 11, 8, 16, 7, 10, 8, 4, 9, 3, 5, 13, 7, 11, 6, 4, 2, 4, 6, 6, 8, 8, 9, 5, 2, 2, 5, 6, 5, 3, 5, 4, 3, 4, 7, 4, 5, 6, 8, 4, 3, 5, 5, 4, 3, 9, 5, 6, 1, 2, 7, 7, 5, 5, 3, 1, 1, 2, 0, 2, 1, 4, 4, 7, 5, 4, 2, 2, 1, 4, 3, 1, 2, 3, 4, 2, 2, 2, 2, 0, 0, 2, 4, 2, 0, 3, 0, 0, 2, 4, 4, 0, 2, 3, 2, 1, 1, 1, 3, 0, 0, 1, 0, 1, 0, 0, 2, 3, 1, 0, 0, 1, 1, 2, 0, 1, 2, 1, 1, 0, 2, 0, 0, 0, 2, 0, 1, 1, 3, 0, 0, 1, 0, 0, 0, 3, 0, 0, 0, 0, 0, 0, 0, 1, 0, 0, 2, 2, 1, 3, 3, 0, 0, 1, 1, 0, 0, 0, 0, 1, 0, 2, 1, 0, 0, 1, 0, 2] 

12 Channels: No USRP 
Reward: [76.0, 84.0, 85.0, 88.0, 79.0, 83.0, 87.0, 78.0, 80.0, 85.0, 81.0, 89.0, 81.0, 89.0, 94.0, 91.0, 87.0, 86.0, 87.0, 88.0, 89.0, 77.0, 89.0, 94.0, 87.0, 88.0, 91.0, 91.0, 86.0, 94.0, 84.0, 90.0, 87.0, 90.0, 94.0, 92.0, 91.0, 90.0, 95.0, 85.0, 92.0, 95.0, 96.0, 89.0, 91.0, 89.0, 95.0, 93.0, 96.0, 91.0, 95.0, 98.0, 90.0, 92.0, 95.0, 93.0, 98.0, 94.0, 97.0, 94.0, 99.0, 98.0, 99.0, 94.0, 91.0, 95.0, 95.0, 96.0, 95.0, 96.0, 96.0, 95.0, 96.0, 97.0, 94.0, 94.0, 94.0, 97.0, 98.0, 98.0, 97.0, 94.0, 99.0, 93.0, 99.0, 96.0, 100.0, 95.0, 99.0, 98.0, 95.0, 97.0, 97.0, 94.0, 96.0, 97.0, 99.0, 95.0, 98.0, 94.0, 97.0, 97.0, 98.0, 95.0, 99.0, 98.0, 99.0, 97.0, 96.0, 96.0, 99.0, 100.0, 96.0, 97.0, 98.0, 99.0, 96.0, 100.0, 97.0, 99.0, 99.0, 98.0, 99.0, 98.0, 99.0, 98.0, 100.0, 99.0, 98.0, 97.0, 99.0, 98.0, 99.0, 99.0, 99.0, 100.0, 98.0, 100.0, 100.0, 99.0, 99.0, 97.0, 99.0, 99.0, 99.0, 99.0, 99.0, 98.0, 98.0, 98.0, 100.0, 100.0, 99.0, 99.0, 100.0, 98.0, 100.0, 100.0, 99.0, 100.0, 98.0, 96.0, 99.0, 100.0, 98.0, 99.0, 100.0, 99.0, 99.0, 100.0, 100.0, 98.0, 100.0, 100.0, 99.0, 100.0, 100.0, 99.0, 98.0, 98.0, 100.0, 100.0, 100.0, 96.0, 100.0, 99.0, 100.0, 99.0, 99.0, 100.0, 100.0, 100.0, 100.0, 100.0, 100.0, 98.0, 100.0, 100.0, 100.0, 100.0] 
Sensing Errors: [2, 1, 0, 2, 0, 0, 0, 0, 0, 0, 0, 0, 0, 0, 12, 0, 0, 0, 1, 0, 0, 0, 0, 0, 0, 0, 0, 0, 0, 0, 0, 0, 0, 0, 0, 0, 6, 0, 0, 13, 0, 0, 0, 0, 0, 0, 0, 0, 0, 0, 0, 0, 0, 0, 0, 3, 0, 0, 0, 0, 0, 0, 0, 0, 0, 0, 0, 0, 0, 0, 0, 0, 1, 0, 0, 0, 0, 0, 0, 0, 0, 2, 0, 5, 0, 0, 0, 0, 0, 0, 9, 0, 0, 0, 0, 0, 0, 0, 0, 7, 0, 0, 0, 0, 0, 0, 0, 0, 0, 0, 0, 0, 0, 0, 0, 0, 0, 0, 0, 0, 0, 0, 0, 0, 0, 6, 0, 0, 0, 0, 0, 4, 0, 0, 0, 0, 0, 0, 0, 0, 0, 0, 0, 1, 0, 0, 0, 0, 0, 0, 0, 0, 0, 0, 0, 0, 0, 0, 0, 0, 0, 5, 0, 0, 0, 0, 0, 0, 0, 1, 0, 0, 0, 0, 0, 0, 0, 0, 3, 0, 0, 0, 0, 0, 0, 0, 0, 0, 0, 0, 0, 0, 0, 0, 0, 8, 0, 0, 0, 0] 
Packet Feedback Errors: [1, 0, 0, 1, 0, 1, 1, 0, 0, 0, 0, 0, 0, 0, 1, 0, 0, 0, 0, 0, 0, 0, 1, 0, 0, 0, 0, 0, 0, 1, 0, 1, 0, 0, 0, 0, 0, 0, 1, 0, 0, 0, 0, 0, 0, 0, 0, 0, 0, 0, 0, 0, 0, 0, 0, 1, 0, 0, 0, 0, 0, 0, 0, 0, 0, 0, 0, 0, 0, 0, 2, 0, 0, 0, 0, 0, 0, 0, 0, 0, 0, 1, 0, 1, 0, 0, 0, 0, 0, 0, 1, 0, 0, 0, 0, 0, 0, 0, 0, 0, 0, 0, 0, 0, 0, 0, 0, 0, 0, 0, 0, 0, 1, 0, 0, 0, 0, 0, 0, 0, 0, 0, 0, 0, 0, 0, 0, 0, 0, 0, 0, 1, 0, 0, 0, 0, 0, 0, 0, 0, 0, 0, 0, 0, 0, 0, 0, 0, 0, 0, 0, 0, 0, 0, 0, 0, 0, 0, 0, 0, 0, 0, 0, 0, 0, 0, 0, 0, 0, 0, 0, 0, 0, 0, 0, 0, 0, 0, 0, 0, 0, 0, 0, 0, 0, 0, 0, 0, 0, 0, 0, 0, 0, 0, 0, 0, 0, 0, 0, 0] 
Packet Errors: [24, 16, 15, 12, 21, 17, 13, 22, 20, 15, 19, 11, 19, 11, 6, 9, 13, 14, 13, 12, 11, 23, 11, 6, 13, 12, 9, 9, 14, 6, 16, 10, 13, 10, 6, 8, 9, 10, 5, 15, 8, 5, 4, 11, 9, 11, 5, 7, 4, 9, 5, 2, 10, 8, 5, 7, 2, 6, 3, 6, 1, 2, 1, 6, 9, 5, 5, 4, 5, 4, 4, 5, 4, 3, 6, 6, 6, 3, 2, 2, 3, 6, 1, 7, 1, 4, 0, 5, 1, 2, 5, 3, 3, 6, 4, 3, 1, 5, 2, 6, 3, 3, 2, 5, 1, 2, 1, 3, 4, 4, 1, 0, 4, 3, 2, 1, 4, 0, 3, 1, 1, 2, 1, 2, 1, 2, 0, 1, 2, 3, 1, 2, 1, 1, 1, 0, 2, 0, 0, 1, 1, 3, 1, 1, 1, 1, 1, 2, 2, 2, 0, 0, 1, 1, 0, 2, 0, 0, 1, 0, 2, 4, 1, 0, 2, 1, 0, 1, 1, 0, 0, 2, 0, 0, 1, 0, 0, 1, 2, 2, 0, 0, 0, 4, 0, 1, 0, 1, 1, 0, 0, 0, 0, 0, 0, 2, 0, 0, 0, 0] 

6 Channels: No USRP (1700 zeros, alpha 0.1, gamma 0.99, decay rate 0.03)
Reward: [65.0, 62.0, 62.0, 60.0, 62.0, 74.0, 66.0, 70.0, 70.0, 74.0, 69.0, 73.0, 71.0, 67.0, 78.0, 69.0, 70.0, 72.0, 75.0, 73.0, 79.0, 81.0, 82.0, 82.0, 79.0, 81.0, 76.0, 85.0, 72.0, 76.0, 80.0, 79.0, 80.0, 80.0, 85.0, 75.0, 84.0, 79.0, 81.0, 78.0, 81.0, 89.0, 90.0, 83.0, 82.0, 87.0, 85.0, 84.0, 91.0, 86.0, 87.0, 88.0, 87.0, 86.0, 91.0, 86.0, 90.0, 94.0, 92.0, 92.0, 86.0, 89.0, 93.0, 88.0, 86.0, 83.0, 89.0, 90.0, 90.0, 90.0, 87.0, 92.0, 90.0, 91.0, 88.0, 93.0, 93.0, 91.0, 93.0, 97.0, 92.0, 91.0, 93.0, 96.0, 92.0, 95.0, 99.0, 93.0, 96.0, 96.0, 95.0, 95.0, 90.0, 95.0, 94.0, 94.0, 96.0, 95.0, 93.0, 95.0, 96.0, 98.0, 97.0, 95.0, 94.0, 96.0, 98.0, 97.0, 95.0, 98.0, 96.0, 95.0, 98.0, 97.0, 96.0, 99.0, 98.0, 100.0, 100.0, 99.0, 98.0, 98.0, 99.0, 100.0, 99.0, 94.0, 98.0, 99.0, 97.0, 98.0, 99.0, 98.0, 97.0, 98.0, 94.0, 98.0, 97.0, 93.0, 99.0, 95.0, 96.0, 98.0, 99.0, 99.0, 100.0, 100.0, 100.0, 100.0, 98.0, 96.0, 98.0, 99.0, 96.0, 99.0, 96.0, 98.0, 99.0, 99.0, 97.0, 98.0, 99.0, 97.0, 98.0, 100.0, 96.0, 99.0, 99.0, 98.0, 100.0, 97.0, 94.0, 97.0, 96.0, 100.0, 100.0, 99.0, 100.0, 99.0, 99.0, 100.0, 100.0, 96.0, 98.0, 97.0, 100.0, 98.0, 100.0, 100.0, 97.0, 98.0, 99.0, 100.0, 98.0, 98.0, 95.0, 100.0, 100.0, 94.0, 96.0, 97.0] 
Sensing Errors: [1, 0, 0, 3, 1, 0, 0, 4, 1, 0, 0, 0, 1, 6, 1, 2, 1, 9, 0, 2, 2, 1, 2, 7, 2, 2, 1, 0, 1, 1, 1, 0, 5, 5, 0, 1, 0, 0, 0, 3, 2, 0, 2, 0, 0, 0, 3, 0, 0, 0, 4, 0, 0, 7, 0, 0, 0, 0, 0, 3, 1, 1, 0, 0, 8, 4, 1, 1, 0, 0, 0, 0, 0, 7, 3, 2, 0, 1, 0, 0, 0, 3, 3, 2, 0, 0, 0, 1, 0, 0, 1, 0, 3, 1, 1, 2, 3, 0, 4, 0, 0, 0, 1, 1, 2, 1, 0, 1, 0, 0, 1, 2, 1, 0, 2, 0, 0, 0, 0, 0, 1, 1, 1, 1, 1, 2, 0, 1, 0, 0, 0, 0, 0, 1, 4, 0, 1, 4, 1, 3, 6, 1, 1, 1, 0, 0, 0, 0, 1, 3, 2, 1, 3, 2, 2, 3, 1, 0, 2, 4, 1, 0, 1, 0, 4, 1, 1, 2, 0, 2, 3, 1, 3, 0, 0, 1, 0, 1, 1, 0, 0, 4, 2, 2, 0, 4, 0, 1, 2, 1, 1, 1, 3, 2, 3, 0, 0, 12, 2, 1] 
Packet Feedback Errors: [1, 0, 0, 0, 0, 0, 0, 1, 3, 1, 0, 1, 0, 1, 1, 0, 0, 2, 0, 0, 0, 2, 0, 1, 0, 1, 1, 2, 1, 0, 0, 0, 1, 0, 0, 0, 0, 0, 0, 0, 1, 1, 0, 0, 0, 0, 1, 0, 0, 2, 0, 1, 0, 0, 0, 0, 0, 0, 0, 0, 0, 0, 0, 0, 0, 0, 0, 0, 1, 0, 0, 0, 0, 1, 1, 0, 0, 0, 0, 0, 0, 0, 0, 0, 0, 0, 0, 0, 0, 0, 1, 0, 0, 0, 0, 0, 0, 0, 0, 0, 0, 0, 1, 0, 0, 0, 0, 0, 0, 0, 0, 0, 0, 1, 0, 0, 0, 0, 0, 0, 0, 0, 0, 0, 0, 0, 0, 0, 0, 0, 0, 0, 0, 0, 0, 0, 0, 0, 0, 0, 0, 1, 0, 0, 0, 0, 0, 0, 0, 0, 0, 0, 0, 0, 0, 0, 0, 0, 0, 0, 0, 0, 0, 0, 0, 0, 0, 0, 0, 0, 0, 0, 0, 0, 0, 0, 0, 0, 0, 0, 0, 0, 0, 0, 0, 0, 0, 0, 0, 0, 0, 0, 0, 0, 0, 0, 0, 0, 0, 0] 
Packet Errors: [35, 38, 38, 40, 38, 26, 34, 30, 30, 26, 31, 27, 29, 33, 22, 31, 30, 28, 25, 27, 21, 19, 18, 18, 21, 19, 24, 15, 28, 24, 20, 21, 20, 20, 15, 25, 16, 21, 19, 22, 19, 11, 10, 17, 18, 13, 15, 16, 9, 14, 13, 12, 13, 14, 9, 14, 10, 6, 8, 8, 14, 11, 7, 12, 14, 17, 11, 10, 10, 10, 13, 8, 10, 9, 12, 7, 7, 9, 7, 3, 8, 9, 7, 4, 8, 5, 1, 7, 4, 4, 5, 5, 10, 5, 6, 6, 4, 5, 7, 5, 4, 2, 3, 5, 6, 4, 2, 3, 5, 2, 4, 5, 2, 3, 4, 1, 2, 0, 0, 1, 2, 2, 1, 0, 1, 6, 2, 1, 3, 2, 1, 2, 3, 2, 6, 2, 3, 7, 1, 5, 4, 2, 1, 1, 0, 0, 0, 0, 2, 4, 2, 1, 4, 1, 4, 2, 1, 1, 3, 2, 1, 3, 2, 0, 4, 1, 1, 2, 0, 3, 6, 3, 4, 0, 0, 1, 0, 1, 1, 0, 0, 4, 2, 3, 0, 2, 0, 0, 3, 2, 1, 0, 2, 2, 5, 0, 0, 6, 4, 3] 

8 Channels: No USRP 
Reward: [80.0, 75.0, 75.0, 86.0, 80.0, 87.0, 87.0, 81.0, 87.0, 95.0, 95.0, 87.0, 92.0, 90.0, 94.0, 93.0, 95.0, 97.0, 96.0, 96.0, 97.0, 97.0, 96.0, 98.0, 95.0, 99.0, 98.0, 96.0, 97.0, 95.0, 97.0, 93.0, 97.0, 96.0, 97.0, 99.0, 95.0, 92.0, 97.0, 95.0, 96.0, 96.0, 96.0, 98.0, 94.0, 98.0, 94.0, 100.0, 99.0, 97.0, 94.0, 99.0, 99.0, 99.0, 100.0, 98.0, 99.0, 100.0, 100.0, 100.0, 96.0, 98.0, 97.0, 100.0, 95.0, 99.0, 99.0, 100.0, 99.0, 99.0, 100.0, 100.0, 100.0, 99.0, 100.0, 96.0, 96.0, 100.0, 100.0, 100.0, 100.0, 100.0, 100.0, 99.0, 99.0, 97.0, 99.0, 98.0, 100.0, 100.0, 100.0, 100.0, 99.0, 100.0, 100.0, 99.0, 99.0, 100.0, 100.0, 98.0, 100.0, 99.0, 100.0, 99.0, 100.0, 99.0, 98.0, 98.0, 100.0, 94.0, 97.0, 95.0, 98.0, 96.0, 95.0, 96.0, 99.0, 96.0, 97.0, 94.0, 97.0, 97.0, 100.0, 96.0, 94.0, 98.0, 97.0, 97.0, 96.0, 97.0, 95.0, 98.0, 97.0, 99.0, 98.0, 99.0, 100.0, 100.0, 100.0, 100.0, 95.0, 99.0, 99.0, 100.0, 100.0, 100.0, 100.0, 100.0, 100.0, 100.0, 97.0, 100.0, 100.0, 100.0, 98.0, 97.0, 98.0, 97.0, 99.0, 95.0, 93.0, 98.0, 100.0, 98.0, 94.0, 95.0, 98.0, 97.0, 100.0, 100.0, 100.0, 100.0, 100.0, 100.0, 100.0, 100.0, 100.0, 100.0, 100.0, 100.0, 100.0, 96.0, 96.0, 100.0, 100.0, 99.0, 100.0, 100.0, 98.0, 100.0, 100.0, 100.0, 98.0, 94.0, 96.0, 96.0, 96.0, 98.0, 100.0, 100.0] 
Sensing Errors: [4, 2, 1, 0, 0, 0, 0, 0, 0, 0, 0, 0, 10, 4, 0, 0, 0, 0, 0, 0, 0, 0, 0, 0, 0, 0, 0, 15, 9, 7, 8, 19, 9, 0, 4, 3, 6, 19, 10, 7, 16, 8, 9, 9, 15, 6, 14, 0, 3, 8, 15, 7, 0, 3, 0, 3, 1, 0, 0, 0, 10, 6, 9, 2, 14, 2, 6, 2, 3, 1, 0, 0, 0, 1, 0, 8, 10, 0, 0, 0, 0, 0, 0, 2, 3, 9, 5, 10, 0, 0, 0, 0, 3, 0, 0, 5, 2, 0, 0, 3, 0, 0, 0, 3, 0, 4, 9, 10, 0, 20, 9, 14, 9, 13, 10, 9, 4, 12, 10, 19, 9, 10, 1, 13, 19, 3, 12, 9, 11, 11, 17, 13, 9, 6, 7, 4, 1, 0, 0, 1, 13, 4, 2, 0, 0, 0, 0, 0, 0, 0, 8, 0, 0, 0, 4, 14, 5, 8, 2, 14, 22, 7, 0, 7, 20, 15, 6, 11, 0, 0, 0, 0, 0, 0, 0, 0, 0, 0, 0, 0, 0, 12, 12, 0, 0, 4, 0, 0, 8, 1, 0, 0, 4, 17, 12, 13, 11, 1, 0, 0] 
Packet Feedback Errors: [3, 1, 1, 1, 0, 0, 0, 0, 0, 1, 0, 0, 0, 1, 0, 0, 0, 0, 0, 0, 0, 0, 0, 0, 0, 0, 0, 2, 0, 0, 2, 2, 0, 0, 1, 1, 1, 4, 2, 1, 0, 1, 0, 0, 1, 0, 1, 0, 0, 0, 0, 1, 0, 0, 0, 0, 0, 0, 0, 0, 0, 0, 0, 0, 0, 0, 0, 0, 0, 0, 0, 0, 0, 0, 0, 1, 0, 0, 0, 0, 0, 0, 0, 0, 0, 0, 1, 0, 0, 0, 0, 0, 0, 0, 0, 0, 0, 0, 0, 0, 0, 0, 0, 0, 0, 0, 1, 0, 0, 1, 0, 1, 0, 1, 1, 0, 0, 0, 1, 0, 0, 0, 0, 0, 1, 0, 0, 0, 1, 0, 1, 2, 1, 0, 0, 0, 0, 0, 0, 0, 1, 0, 0, 0, 0, 0, 0, 0, 0, 0, 0, 0, 0, 0, 0, 2, 0, 1, 0, 1, 3, 0, 0, 1, 2, 1, 1, 0, 0, 0, 0, 0, 0, 0, 0, 0, 0, 0, 0, 0, 0, 0, 0, 0, 0, 0, 0, 0, 0, 0, 0, 0, 0, 1, 0, 3, 1, 0, 0, 0] 
Packet Errors: [20, 25, 25, 14, 20, 13, 13, 19, 13, 5, 5, 13, 8, 10, 6, 7, 5, 3, 4, 4, 3, 3, 4, 2, 5, 1, 2, 4, 3, 5, 3, 7, 3, 4, 3, 1, 5, 8, 3, 5, 4, 4, 4, 2, 6, 2, 6, 0, 1, 3, 6, 1, 1, 1, 0, 2, 1, 0, 0, 0, 4, 2, 3, 0, 5, 1, 1, 0, 1, 1, 0, 0, 0, 1, 0, 4, 4, 0, 0, 0, 0, 0, 0, 1, 1, 3, 1, 2, 0, 0, 0, 0, 1, 0, 0, 1, 1, 0, 0, 2, 0, 1, 0, 1, 0, 1, 2, 2, 0, 6, 3, 5, 2, 4, 5, 4, 1, 4, 3, 6, 3, 3, 0, 4, 6, 2, 3, 3, 4, 3, 5, 2, 3, 1, 2, 1, 0, 0, 0, 0, 5, 1, 1, 0, 0, 0, 0, 0, 0, 0, 3, 0, 0, 0, 2, 3, 2, 3, 1, 5, 7, 2, 0, 2, 6, 5, 2, 3, 0, 0, 0, 0, 0, 0, 0, 0, 0, 0, 0, 0, 0, 4, 4, 0, 0, 1, 0, 0, 2, 0, 0, 0, 2, 6, 4, 4, 4, 2, 0, 0] 

6 Channels: No USRP 
Reward: [58.0, 60.0, 71.0, 69.0, 69.0, 74.0, 76.0, 72.0, 80.0, 80.0, 88.0, 84.0, 89.0, 83.0, 82.0, 93.0, 87.0, 92.0, 94.0, 90.0, 86.0, 98.0, 98.0, 95.0, 93.0, 93.0, 94.0, 95.0, 98.0, 97.0, 99.0, 97.0, 94.0, 98.0, 97.0, 96.0, 97.0, 94.0, 99.0, 98.0, 99.0, 96.0, 98.0, 100.0, 97.0, 97.0, 96.0, 100.0, 96.0, 99.0, 98.0, 100.0, 94.0, 94.0, 100.0, 96.0, 99.0, 99.0, 97.0, 97.0, 100.0, 100.0, 97.0, 99.0, 100.0, 100.0, 95.0, 99.0, 93.0, 98.0, 98.0, 93.0, 96.0, 100.0, 100.0, 99.0, 94.0, 98.0, 99.0, 100.0, 99.0, 100.0, 100.0, 97.0, 94.0, 100.0, 91.0, 100.0, 100.0, 96.0, 98.0, 97.0, 98.0, 100.0, 93.0, 100.0, 99.0, 98.0, 94.0, 93.0, 97.0, 90.0, 98.0, 98.0, 95.0, 96.0, 93.0, 100.0, 94.0, 91.0, 97.0, 96.0, 97.0, 97.0, 98.0, 96.0, 100.0, 96.0, 94.0, 96.0, 98.0, 97.0, 96.0, 97.0, 99.0, 97.0, 98.0, 100.0, 98.0, 100.0, 96.0, 100.0, 100.0, 96.0, 98.0, 98.0, 99.0, 96.0, 98.0, 98.0, 93.0, 97.0, 95.0, 94.0, 100.0, 95.0, 97.0, 98.0, 98.0, 100.0, 98.0, 99.0, 99.0, 95.0, 97.0, 98.0, 99.0, 97.0, 95.0, 98.0, 97.0, 99.0, 96.0, 99.0, 100.0, 99.0, 100.0, 97.0, 99.0, 99.0, 96.0, 99.0, 96.0, 98.0, 97.0, 98.0, 91.0, 97.0, 99.0, 97.0, 96.0, 98.0, 95.0, 99.0, 100.0, 97.0, 96.0, 99.0, 100.0, 99.0, 91.0, 99.0, 97.0, 96.0, 97.0, 100.0, 96.0, 96.0, 97.0, 98.0] 
Sensing Errors: [4, 9, 3, 1, 0, 1, 1, 7, 4, 4, 2, 11, 9, 10, 15, 0, 6, 1, 0, 8, 7, 2, 2, 0, 2, 2, 0, 0, 7, 12, 5, 6, 8, 6, 6, 8, 6, 10, 11, 5, 7, 8, 7, 4, 7, 10, 8, 0, 3, 7, 12, 9, 9, 16, 5, 10, 7, 8, 4, 13, 12, 6, 7, 9, 7, 8, 9, 7, 9, 2, 3, 5, 4, 0, 1, 0, 5, 8, 11, 6, 7, 4, 9, 6, 6, 0, 12, 0, 7, 11, 8, 15, 7, 4, 14, 2, 2, 1, 13, 6, 4, 10, 1, 1, 3, 2, 7, 0, 5, 8, 5, 9, 7, 13, 10, 4, 1, 10, 11, 11, 4, 3, 6, 4, 2, 11, 5, 0, 6, 7, 6, 5, 8, 10, 8, 10, 6, 11, 9, 13, 12, 8, 12, 10, 8, 10, 9, 7, 4, 0, 1, 9, 3, 4, 3, 3, 0, 8, 13, 10, 5, 10, 12, 11, 8, 5, 5, 5, 8, 9, 10, 4, 11, 13, 3, 1, 9, 5, 13, 4, 5, 4, 13, 6, 3, 6, 9, 5, 7, 6, 14, 11, 6, 8, 10, 0, 7, 14, 12, 10] 
Packet Feedback Errors: [2, 3, 0, 0, 0, 1, 0, 0, 1, 0, 0, 1, 0, 1, 1, 0, 0, 0, 0, 0, 0, 0, 0, 0, 0, 0, 0, 0, 0, 0, 0, 0, 0, 0, 0, 0, 0, 0, 0, 0, 0, 0, 0, 0, 0, 0, 0, 0, 0, 0, 0, 0, 0, 0, 0, 0, 0, 0, 0, 0, 0, 0, 0, 0, 0, 0, 0, 0, 0, 0, 0, 0, 0, 0, 0, 0, 0, 0, 0, 0, 0, 0, 0, 0, 0, 0, 1, 0, 0, 0, 0, 0, 0, 0, 0, 0, 0, 0, 0, 0, 0, 0, 0, 0, 0, 0, 0, 0, 0, 0, 0, 0, 0, 0, 0, 0, 0, 0, 0, 0, 0, 0, 0, 1, 0, 0, 0, 0, 0, 0, 0, 0, 0, 0, 0, 0, 0, 0, 0, 0, 0, 0, 0, 0, 0, 0, 0, 0, 0, 0, 0, 0, 0, 0, 0, 0, 0, 0, 0, 0, 0, 0, 0, 0, 0, 0, 0, 0, 0, 0, 0, 0, 0, 0, 0, 0, 0, 0, 0, 0, 0, 0, 0, 0, 0, 0, 0, 0, 0, 0, 0, 0, 0, 0, 0, 0, 0, 1, 0, 0] 
Packet Errors: [42, 40, 29, 31, 31, 26, 24, 28, 20, 20, 12, 16, 11, 17, 18, 7, 13, 8, 6, 10, 14, 2, 2, 5, 7, 7, 6, 5, 2, 3, 1, 3, 6, 2, 3, 4, 3, 6, 1, 2, 1, 4, 2, 0, 3, 3, 4, 0, 4, 1, 2, 0, 6, 6, 0, 4, 1, 1, 3, 3, 0, 0, 3, 1, 0, 0, 5, 1, 7, 2, 2, 7, 4, 0, 0, 1, 6, 2, 1, 0, 1, 0, 0, 3, 6, 0, 9, 0, 0, 4, 2, 3, 2, 0, 7, 0, 1, 2, 6, 7, 3, 10, 2, 2, 5, 4, 7, 0, 6, 9, 3, 4, 3, 3, 2, 4, 0, 4, 6, 4, 2, 3, 4, 3, 1, 3, 2, 0, 2, 0, 4, 0, 0, 4, 2, 2, 1, 4, 2, 2, 7, 3, 5, 6, 0, 5, 3, 2, 2, 0, 2, 1, 1, 5, 3, 2, 1, 3, 5, 2, 3, 1, 4, 1, 0, 1, 0, 3, 1, 1, 4, 1, 4, 2, 3, 2, 9, 3, 1, 3, 4, 2, 5, 1, 0, 3, 4, 1, 0, 1, 9, 1, 3, 4, 3, 0, 4, 4, 3, 2] 

6 Channels: No USRP 
Reward: [59.0, 63.0, 69.0, 62.0, 70.0, 79.0, 69.0, 80.0, 85.0, 87.0, 82.0, 86.0, 90.0, 92.0, 88.0, 88.0, 95.0, 90.0, 93.0, 95.0, 93.0, 96.0, 94.0, 98.0, 98.0, 96.0, 97.0, 98.0, 99.0, 98.0, 96.0, 96.0, 99.0, 96.0, 99.0, 100.0, 98.0, 99.0, 99.0, 100.0, 96.0, 100.0, 100.0, 99.0, 100.0, 100.0, 100.0, 100.0, 99.0, 100.0, 100.0, 100.0, 98.0, 99.0, 99.0, 100.0, 100.0, 100.0, 99.0, 90.0, 98.0, 100.0, 100.0, 98.0, 100.0, 99.0, 100.0, 100.0, 100.0, 100.0, 100.0, 99.0, 100.0, 100.0, 100.0, 99.0, 100.0, 100.0, 100.0, 100.0, 98.0, 88.0, 94.0, 83.0, 99.0, 98.0, 95.0, 99.0, 100.0, 100.0, 100.0, 100.0, 100.0, 100.0, 89.0, 100.0, 100.0, 100.0, 99.0, 100.0, 100.0, 100.0, 100.0, 100.0, 100.0, 100.0, 100.0, 100.0, 100.0, 99.0, 100.0, 100.0, 99.0, 100.0, 100.0, 100.0, 100.0, 100.0, 99.0, 99.0, 100.0, 100.0, 99.0, 98.0, 100.0, 100.0, 100.0, 98.0, 100.0, 100.0, 100.0, 100.0, 99.0, 100.0, 100.0, 98.0, 99.0, 99.0, 100.0, 100.0, 100.0, 97.0, 89.0, 89.0, 89.0, 79.0, 81.0, 96.0, 100.0, 100.0, 100.0, 92.0, 94.0, 98.0, 100.0, 97.0, 100.0, 100.0, 97.0, 99.0, 97.0, 100.0, 100.0, 98.0, 100.0, 100.0, 100.0, 100.0, 100.0, 100.0, 100.0, 100.0, 100.0, 100.0, 100.0, 100.0, 98.0, 94.0, 97.0, 100.0, 100.0, 98.0, 100.0, 97.0, 100.0, 100.0, 100.0, 97.0, 100.0, 99.0, 100.0, 94.0, 99.0, 100.0, 100.0, 100.0, 100.0, 98.0, 99.0, 96.0] 
Sensing Errors: [3, 3, 2, 2, 1, 1, 8, 0, 1, 0, 0, 0, 0, 0, 0, 0, 0, 0, 1, 0, 0, 0, 1, 0, 0, 1, 0, 0, 0, 0, 1, 1, 0, 0, 0, 0, 0, 0, 0, 0, 0, 0, 0, 0, 0, 0, 0, 0, 4, 0, 0, 0, 1, 0, 0, 0, 0, 0, 0, 1, 0, 0, 0, 1, 0, 0, 0, 0, 0, 0, 0, 0, 0, 0, 1, 0, 0, 0, 0, 0, 3, 2, 1, 1, 1, 0, 3, 0, 0, 0, 0, 0, 0, 0, 5, 2, 0, 0, 0, 0, 0, 0, 0, 0, 0, 0, 0, 0, 0, 1, 0, 0, 0, 0, 0, 0, 0, 0, 2, 0, 0, 0, 1, 2, 0, 0, 0, 1, 0, 0, 0, 0, 0, 0, 0, 2, 2, 0, 0, 0, 0, 2, 3, 0, 1, 1, 0, 2, 0, 0, 0, 1, 2, 0, 0, 0, 0, 0, 2, 0, 1, 0, 0, 2, 0, 0, 0, 0, 0, 0, 0, 0, 0, 0, 0, 0, 0, 5, 1, 0, 0, 1, 0, 2, 0, 0, 0, 0, 0, 1, 0, 1, 1, 0, 0, 0, 0, 2, 2, 1] 
Packet Feedback Errors: [2, 0, 0, 0, 1, 0, 0, 1, 0, 0, 1, 0, 1, 0, 0, 0, 0, 0, 0, 0, 0, 0, 0, 0, 0, 0, 0, 0, 0, 0, 0, 1, 0, 1, 0, 0, 0, 0, 0, 0, 0, 0, 0, 0, 0, 0, 0, 0, 0, 0, 0, 0, 0, 0, 0, 0, 0, 0, 0, 0, 0, 0, 0, 0, 0, 0, 0, 0, 0, 0, 0, 0, 0, 0, 0, 0, 0, 0, 0, 0, 0, 0, 0, 0, 0, 0, 0, 0, 0, 0, 0, 0, 0, 0, 1, 0, 0, 0, 0, 0, 0, 0, 0, 0, 0, 0, 0, 0, 0, 0, 0, 0, 0, 0, 0, 0, 0, 0, 0, 0, 0, 0, 0, 0, 0, 0, 0, 0, 0, 0, 0, 0, 0, 0, 0, 0, 0, 0, 0, 0, 0, 0, 1, 0, 1, 0, 1, 0, 0, 0, 0, 0, 0, 0, 0, 0, 0, 0, 0, 0, 0, 0, 0, 0, 0, 0, 0, 0, 0, 0, 0, 0, 0, 0, 0, 0, 0, 0, 0, 0, 0, 0, 0, 0, 0, 0, 0, 0, 0, 0, 0, 0, 0, 0, 0, 0, 0, 0, 0, 0] 
Packet Errors: [41, 37, 31, 38, 30, 21, 31, 20, 15, 13, 18, 14, 10, 8, 12, 12, 5, 10, 7, 5, 7, 4, 6, 2, 2, 4, 3, 2, 1, 2, 4, 4, 1, 4, 1, 0, 2, 1, 1, 0, 4, 0, 0, 1, 0, 0, 0, 0, 1, 0, 0, 0, 2, 1, 1, 0, 0, 0, 1, 10, 2, 0, 0, 2, 0, 1, 0, 0, 0, 0, 0, 1, 0, 0, 0, 1, 0, 0, 0, 0, 2, 12, 6, 17, 1, 2, 5, 1, 0, 0, 0, 0, 0, 0, 11, 0, 0, 0, 1, 0, 0, 0, 0, 0, 0, 0, 0, 0, 0, 1, 0, 0, 1, 0, 0, 0, 0, 0, 1, 1, 0, 0, 1, 2, 0, 0, 0, 2, 0, 0, 0, 0, 1, 0, 0, 2, 1, 1, 0, 0, 0, 3, 11, 11, 11, 21, 19, 4, 0, 0, 0, 8, 6, 2, 0, 3, 0, 0, 3, 1, 3, 0, 0, 2, 0, 0, 0, 0, 0, 0, 0, 0, 0, 0, 0, 0, 2, 6, 3, 0, 0, 2, 0, 3, 0, 0, 0, 3, 0, 1, 0, 6, 1, 0, 0, 0, 0, 2, 1, 4] 

6 Channels: No USRP 
Reward: [62.0, 66.0, 70.0, 73.0, 74.0, 76.0, 77.0, 88.0, 79.0, 85.0, 89.0, 89.0, 92.0, 87.0, 90.0, 95.0, 92.0, 93.0, 95.0, 96.0, 95.0, 94.0, 97.0, 91.0, 99.0, 95.0, 96.0, 98.0, 97.0, 99.0, 99.0, 98.0, 96.0, 99.0, 97.0, 99.0, 95.0, 95.0, 94.0, 95.0, 100.0, 100.0, 96.0, 100.0, 100.0, 99.0, 98.0, 97.0, 100.0, 100.0, 100.0, 100.0, 100.0, 99.0, 99.0, 100.0, 100.0, 100.0, 99.0, 100.0, 100.0, 100.0, 100.0, 100.0, 98.0, 98.0, 99.0, 97.0, 100.0, 100.0, 100.0, 100.0, 97.0, 100.0, 100.0, 100.0, 98.0, 100.0, 98.0, 100.0, 100.0, 100.0, 100.0, 99.0, 100.0, 100.0, 99.0, 100.0, 100.0, 100.0, 99.0, 100.0, 100.0, 99.0, 100.0, 100.0, 99.0, 100.0, 100.0, 100.0, 100.0, 100.0, 100.0, 100.0, 100.0, 100.0, 99.0, 100.0, 99.0, 100.0, 100.0, 100.0, 100.0, 99.0, 100.0, 100.0, 99.0, 100.0, 99.0, 98.0, 100.0, 100.0, 100.0, 100.0, 100.0, 100.0, 100.0, 100.0, 100.0, 100.0, 100.0, 100.0, 99.0, 99.0, 99.0, 100.0, 100.0, 100.0, 100.0, 100.0, 98.0, 100.0, 98.0, 100.0, 100.0, 100.0, 100.0, 93.0, 100.0, 99.0, 100.0, 98.0, 100.0, 100.0, 100.0, 99.0, 98.0, 100.0, 100.0, 100.0, 98.0, 100.0, 100.0, 100.0, 100.0, 100.0, 100.0, 100.0, 100.0, 100.0, 99.0, 100.0, 96.0, 100.0, 100.0, 100.0, 100.0, 100.0, 100.0, 100.0, 100.0, 100.0, 100.0, 100.0, 100.0, 98.0, 100.0, 98.0, 99.0, 100.0, 100.0, 100.0, 100.0, 100.0, 99.0, 99.0, 99.0, 100.0, 100.0, 100.0] 
Sensing Errors: [3, 2, 4, 0, 11, 4, 4, 7, 9, 6, 8, 4, 0, 1, 0, 0, 0, 1, 1, 2, 7, 9, 5, 8, 6, 8, 7, 7, 6, 10, 7, 9, 5, 4, 0, 5, 6, 4, 1, 1, 0, 1, 10, 5, 5, 1, 0, 1, 0, 0, 1, 5, 7, 3, 0, 0, 0, 0, 1, 0, 1, 1, 0, 0, 1, 3, 10, 9, 0, 0, 0, 0, 3, 0, 0, 0, 3, 0, 1, 0, 0, 0, 1, 2, 0, 1, 3, 9, 1, 0, 0, 0, 0, 2, 6, 5, 10, 6, 7, 5, 7, 4, 2, 6, 9, 5, 16, 4, 1, 4, 6, 1, 0, 0, 0, 0, 1, 0, 0, 4, 0, 0, 0, 1, 0, 4, 11, 8, 8, 5, 10, 4, 11, 14, 8, 12, 3, 8, 7, 8, 8, 3, 9, 7, 0, 0, 0, 7, 4, 6, 11, 5, 4, 7, 9, 5, 10, 10, 5, 1, 1, 0, 3, 7, 12, 7, 3, 0, 0, 0, 1, 0, 4, 0, 0, 0, 1, 0, 0, 3, 0, 4, 4, 1, 6, 4, 1, 2, 5, 8, 9, 6, 13, 5, 7, 7, 4, 7, 4, 0] 
Packet Feedback Errors: [1, 0, 0, 0, 0, 0, 0, 3, 0, 2, 1, 0, 0, 0, 0, 1, 0, 0, 0, 0, 0, 1, 0, 2, 0, 0, 0, 0, 0, 0, 0, 0, 0, 0, 0, 0, 0, 0, 0, 0, 0, 0, 1, 1, 0, 0, 0, 0, 0, 0, 0, 0, 0, 0, 0, 0, 0, 0, 1, 0, 0, 0, 0, 0, 0, 0, 1, 0, 0, 0, 0, 0, 0, 0, 0, 0, 0, 0, 0, 0, 0, 0, 0, 0, 0, 0, 0, 0, 0, 0, 0, 0, 0, 0, 0, 0, 0, 0, 0, 0, 0, 0, 0, 0, 0, 0, 1, 0, 0, 0, 0, 0, 0, 0, 0, 0, 0, 0, 0, 0, 0, 0, 0, 0, 0, 0, 0, 0, 0, 0, 0, 0, 0, 1, 0, 0, 0, 0, 0, 0, 0, 0, 0, 0, 0, 0, 0, 0, 0, 0, 0, 0, 0, 0, 0, 0, 0, 0, 0, 0, 0, 0, 0, 0, 0, 1, 0, 0, 0, 0, 0, 0, 0, 0, 0, 0, 0, 0, 0, 0, 0, 0, 0, 0, 0, 0, 0, 0, 0, 0, 0, 0, 0, 0, 0, 0, 0, 0, 0, 0] 
Packet Errors: [38, 34, 30, 27, 26, 24, 23, 12, 21, 15, 11, 11, 8, 13, 10, 5, 8, 7, 5, 4, 5, 6, 3, 9, 1, 5, 4, 2, 3, 1, 1, 2, 4, 1, 3, 1, 5, 5, 6, 5, 0, 0, 4, 0, 0, 1, 2, 3, 0, 0, 0, 0, 0, 1, 1, 0, 0, 0, 1, 0, 0, 0, 0, 0, 2, 2, 1, 3, 0, 0, 0, 0, 3, 0, 0, 0, 2, 0, 2, 0, 0, 0, 0, 1, 0, 0, 1, 0, 0, 0, 1, 0, 0, 1, 0, 0, 1, 0, 0, 0, 0, 0, 0, 0, 0, 0, 1, 0, 1, 0, 0, 0, 0, 1, 0, 0, 1, 0, 1, 2, 0, 0, 0, 0, 0, 0, 0, 0, 0, 0, 0, 0, 1, 1, 1, 0, 0, 0, 0, 0, 2, 0, 2, 0, 0, 0, 0, 7, 0, 1, 0, 2, 0, 0, 0, 1, 2, 0, 0, 0, 2, 0, 0, 0, 0, 0, 0, 0, 0, 0, 1, 0, 4, 0, 0, 0, 0, 0, 0, 0, 0, 0, 0, 0, 0, 2, 0, 2, 1, 0, 0, 0, 0, 0, 1, 1, 1, 0, 0, 0] 

8 Channels: No USRP 
Reward: [70.0, 64.0, 72.0, 75.0, 81.0, 76.0, 76.0, 81.0, 84.0, 89.0, 97.0, 86.0, 86.0, 92.0, 88.0, 88.0, 90.0, 89.0, 95.0, 97.0, 97.0, 94.0, 100.0, 97.0, 95.0, 98.0, 98.0, 94.0, 98.0, 98.0, 98.0, 95.0, 99.0, 99.0, 94.0, 100.0, 94.0, 99.0, 99.0, 100.0, 100.0, 99.0, 97.0, 100.0, 100.0, 98.0, 100.0, 100.0, 99.0, 100.0, 100.0, 100.0, 100.0, 100.0, 100.0, 100.0, 100.0, 100.0, 100.0, 100.0, 100.0, 99.0, 100.0, 100.0, 100.0, 100.0, 100.0, 100.0, 100.0, 100.0, 100.0, 100.0, 100.0, 100.0, 100.0, 100.0, 99.0, 100.0, 100.0, 100.0, 100.0, 100.0, 100.0, 100.0, 100.0, 100.0, 100.0, 100.0, 100.0, 100.0, 100.0, 100.0, 100.0, 100.0, 100.0, 100.0, 100.0, 100.0, 100.0, 100.0, 100.0, 100.0, 100.0, 100.0, 100.0, 100.0, 100.0, 100.0, 100.0, 100.0, 100.0, 100.0, 100.0, 100.0, 100.0, 100.0, 100.0, 100.0, 100.0, 100.0, 100.0, 100.0, 100.0, 100.0, 100.0, 100.0, 100.0, 100.0, 100.0, 100.0, 100.0, 100.0, 100.0, 100.0, 100.0, 100.0, 100.0, 100.0, 100.0, 100.0, 100.0, 100.0, 100.0, 100.0, 98.0, 100.0, 100.0, 100.0, 100.0, 100.0, 100.0, 100.0, 100.0, 100.0, 100.0, 100.0, 100.0, 98.0, 100.0, 100.0, 100.0, 100.0, 100.0, 100.0, 100.0, 100.0, 100.0, 100.0, 100.0, 100.0, 100.0, 100.0, 100.0, 100.0, 100.0, 100.0, 100.0, 100.0, 99.0, 100.0, 100.0, 100.0, 100.0, 100.0, 100.0, 100.0, 100.0, 100.0, 100.0, 100.0, 100.0, 100.0, 100.0, 100.0, 100.0, 99.0, 100.0, 100.0, 100.0, 100.0] 
Sensing Errors: [1, 1, 1, 0, 0, 0, 0, 0, 0, 0, 0, 0, 0, 0, 0, 0, 3, 0, 0, 3, 0, 0, 0, 0, 0, 0, 0, 7, 0, 2, 1, 0, 0, 0, 4, 0, 0, 0, 0, 0, 0, 0, 2, 0, 0, 3, 0, 0, 0, 0, 0, 0, 0, 0, 0, 0, 0, 0, 0, 0, 0, 0, 0, 0, 0, 0, 0, 0, 0, 0, 0, 0, 0, 0, 0, 0, 1, 0, 0, 0, 0, 0, 0, 0, 0, 0, 0, 0, 0, 0, 0, 0, 0, 0, 0, 0, 0, 0, 0, 0, 0, 0, 0, 0, 0, 0, 0, 0, 0, 0, 0, 0, 0, 0, 0, 0, 0, 0, 0, 0, 0, 0, 0, 0, 0, 0, 0, 0, 0, 0, 0, 0, 0, 0, 1, 0, 0, 0, 0, 0, 0, 0, 0, 0, 1, 0, 0, 0, 0, 0, 0, 0, 0, 0, 0, 0, 0, 5, 0, 0, 0, 0, 0, 1, 0, 0, 0, 0, 0, 0, 0, 0, 0, 0, 0, 0, 0, 0, 1, 0, 0, 0, 0, 0, 0, 0, 0, 0, 0, 0, 0, 0, 0, 0, 0, 0, 0, 0, 0, 0] 
Packet Feedback Errors: [0, 0, 0, 0, 0, 0, 0, 1, 0, 1, 0, 0, 0, 0, 0, 0, 0, 0, 0, 1, 0, 0, 0, 0, 0, 0, 0, 1, 0, 0, 0, 1, 0, 0, 0, 0, 0, 0, 0, 0, 0, 0, 0, 0, 0, 0, 0, 0, 0, 0, 0, 0, 0, 0, 0, 0, 0, 0, 0, 0, 0, 0, 0, 0, 0, 0, 0, 0, 0, 0, 0, 0, 0, 0, 0, 0, 0, 0, 0, 0, 0, 0, 0, 0, 0, 0, 0, 0, 0, 0, 0, 0, 0, 0, 0, 0, 0, 0, 0, 0, 0, 0, 0, 0, 0, 0, 0, 0, 0, 0, 0, 0, 0, 0, 0, 0, 0, 0, 0, 0, 0, 0, 0, 0, 0, 0, 0, 0, 0, 0, 0, 0, 0, 0, 0, 0, 0, 0, 0, 0, 0, 0, 0, 0, 0, 0, 0, 0, 0, 0, 0, 0, 0, 0, 0, 0, 0, 0, 0, 0, 0, 0, 0, 0, 0, 0, 0, 0, 0, 0, 0, 0, 0, 0, 0, 0, 0, 0, 0, 0, 0, 0, 0, 0, 0, 0, 0, 0, 0, 0, 0, 0, 0, 0, 0, 0, 0, 0, 0, 0] 
Packet Errors: [30, 36, 28, 25, 19, 24, 24, 19, 16, 11, 3, 14, 14, 8, 12, 12, 10, 11, 5, 3, 3, 6, 0, 3, 5, 2, 2, 6, 2, 2, 2, 5, 1, 1, 6, 0, 6, 1, 1, 0, 0, 1, 3, 0, 0, 2, 0, 0, 1, 0, 0, 0, 0, 0, 0, 0, 0, 0, 0, 0, 0, 1, 0, 0, 0, 0, 0, 0, 0, 0, 0, 0, 0, 0, 0, 0, 1, 0, 0, 0, 0, 0, 0, 0, 0, 0, 0, 0, 0, 0, 0, 0, 0, 0, 0, 0, 0, 0, 0, 0, 0, 0, 0, 0, 0, 0, 0, 0, 0, 0, 0, 0, 0, 0, 0, 0, 0, 0, 0, 0, 0, 0, 0, 0, 0, 0, 0, 0, 0, 0, 0, 0, 0, 0, 0, 0, 0, 0, 0, 0, 0, 0, 0, 0, 2, 0, 0, 0, 0, 0, 0, 0, 0, 0, 0, 0, 0, 2, 0, 0, 0, 0, 0, 0, 0, 0, 0, 0, 0, 0, 0, 0, 0, 0, 0, 0, 0, 0, 1, 0, 0, 0, 0, 0, 0, 0, 0, 0, 0, 0, 0, 0, 0, 0, 0, 1, 0, 0, 0, 0] 

12 Channels: No USRP 
Reward: [82.0, 84.0, 89.0, 83.0, 87.0, 92.0, 88.0, 92.0, 94.0, 93.0, 94.0, 96.0, 93.0, 95.0, 96.0, 96.0, 98.0, 98.0, 98.0, 98.0, 99.0, 97.0, 100.0, 95.0, 97.0, 99.0, 100.0, 98.0, 98.0, 99.0, 98.0, 100.0, 100.0, 100.0, 100.0, 100.0, 98.0, 100.0, 100.0, 100.0, 100.0, 99.0, 100.0, 100.0, 100.0, 100.0, 100.0, 100.0, 99.0, 100.0, 100.0, 100.0, 100.0, 100.0, 100.0, 99.0, 100.0, 100.0, 100.0, 100.0, 100.0, 99.0, 100.0, 100.0, 100.0, 100.0, 100.0, 100.0, 100.0, 100.0, 100.0, 100.0, 100.0, 100.0, 100.0, 100.0, 100.0, 100.0, 100.0, 100.0, 100.0, 100.0, 100.0, 99.0, 100.0, 100.0, 100.0, 100.0, 100.0, 100.0, 100.0, 100.0, 100.0, 100.0, 99.0, 100.0, 100.0, 100.0, 100.0, 100.0, 100.0, 100.0, 100.0, 100.0, 100.0, 100.0, 100.0, 100.0, 100.0, 100.0, 100.0, 100.0, 100.0, 100.0, 100.0, 100.0, 99.0, 100.0, 100.0, 100.0, 99.0, 100.0, 100.0, 100.0, 100.0, 100.0, 99.0, 100.0, 100.0, 100.0, 100.0, 100.0, 100.0, 100.0, 100.0, 100.0, 100.0, 100.0, 100.0, 99.0, 100.0, 100.0, 100.0, 100.0, 100.0, 100.0, 99.0, 99.0, 100.0, 100.0, 100.0, 100.0, 100.0, 100.0, 100.0, 100.0, 100.0, 100.0, 100.0, 100.0, 100.0, 100.0, 100.0, 100.0, 100.0, 100.0, 100.0, 100.0, 100.0, 100.0, 100.0, 100.0, 100.0, 100.0, 100.0, 100.0, 100.0, 99.0, 100.0, 100.0, 100.0, 100.0, 99.0, 100.0, 100.0, 100.0, 100.0, 99.0, 100.0, 100.0, 100.0, 100.0, 99.0, 100.0, 100.0, 100.0, 100.0, 100.0, 100.0, 100.0] 
Sensing Errors: [1, 0, 2, 5, 6, 2, 5, 3, 1, 2, 4, 3, 3, 3, 7, 0, 4, 1, 2, 3, 1, 4, 4, 2, 2, 3, 0, 2, 7, 5, 4, 1, 2, 6, 1, 4, 5, 8, 4, 5, 6, 8, 4, 0, 0, 0, 0, 0, 1, 0, 0, 3, 0, 1, 2, 8, 7, 6, 0, 0, 0, 0, 0, 0, 0, 0, 0, 0, 0, 0, 0, 0, 0, 0, 0, 0, 0, 0, 0, 0, 5, 5, 0, 0, 0, 0, 2, 2, 1, 0, 2, 2, 0, 4, 2, 7, 1, 4, 3, 4, 2, 2, 4, 0, 0, 2, 8, 1, 2, 2, 1, 3, 2, 0, 1, 0, 3, 1, 3, 0, 2, 2, 0, 1, 0, 0, 1, 1, 4, 6, 7, 0, 3, 5, 0, 0, 0, 1, 2, 1, 0, 2, 1, 1, 3, 1, 8, 1, 1, 2, 3, 1, 2, 5, 4, 2, 3, 1, 8, 5, 3, 1, 5, 6, 5, 2, 0, 0, 0, 6, 1, 4, 4, 1, 0, 2, 5, 2, 4, 0, 4, 0, 1, 6, 9, 2, 2, 0, 4, 6, 3, 6, 9, 2, 3, 2, 2, 0, 9, 0] 
Packet Feedback Errors: [2, 0, 1, 1, 0, 0, 0, 0, 0, 1, 0, 0, 0, 1, 2, 0, 0, 0, 0, 0, 0, 0, 0, 0, 0, 0, 1, 0, 0, 0, 1, 0, 0, 0, 0, 0, 0, 1, 0, 0, 0, 0, 0, 0, 0, 0, 0, 0, 0, 0, 0, 0, 0, 0, 0, 0, 0, 0, 0, 0, 0, 0, 0, 0, 0, 0, 0, 0, 0, 0, 0, 0, 0, 0, 0, 0, 0, 0, 0, 0, 0, 0, 0, 0, 0, 0, 0, 0, 0, 0, 0, 0, 0, 0, 0, 0, 0, 0, 0, 0, 0, 0, 0, 0, 0, 0, 0, 0, 0, 0, 0, 0, 0, 0, 0, 0, 0, 0, 0, 0, 0, 0, 0, 0, 0, 0, 0, 0, 0, 0, 0, 0, 0, 0, 0, 0, 0, 0, 0, 0, 0, 0, 0, 0, 0, 0, 0, 0, 0, 0, 0, 0, 0, 0, 0, 0, 0, 0, 0, 0, 0, 0, 0, 0, 0, 0, 0, 0, 0, 0, 0, 0, 0, 0, 0, 0, 0, 0, 0, 0, 0, 0, 0, 0, 0, 0, 0, 0, 0, 0, 0, 0, 0, 0, 0, 0, 0, 0, 0, 0] 
Packet Errors: [18, 16, 11, 17, 13, 8, 12, 8, 6, 7, 6, 4, 7, 5, 4, 4, 2, 2, 2, 2, 1, 3, 0, 5, 3, 1, 0, 2, 2, 1, 2, 0, 0, 0, 0, 0, 2, 0, 0, 0, 0, 1, 0, 0, 0, 0, 0, 0, 1, 0, 0, 0, 0, 0, 0, 1, 0, 0, 0, 0, 0, 1, 0, 0, 0, 0, 0, 0, 0, 0, 0, 0, 0, 0, 0, 0, 0, 0, 0, 0, 0, 0, 0, 1, 0, 0, 0, 0, 0, 0, 0, 0, 0, 0, 1, 0, 0, 0, 0, 0, 0, 0, 0, 0, 0, 0, 0, 0, 0, 0, 0, 0, 0, 0, 0, 0, 1, 0, 0, 0, 1, 0, 0, 0, 0, 0, 1, 0, 0, 0, 0, 0, 0, 0, 0, 0, 0, 0, 0, 1, 0, 0, 0, 0, 0, 0, 1, 1, 0, 0, 0, 0, 0, 0, 0, 0, 0, 0, 0, 0, 0, 0, 0, 0, 0, 0, 0, 0, 0, 0, 0, 0, 0, 0, 0, 0, 0, 1, 0, 0, 0, 0, 1, 0, 0, 0, 0, 1, 0, 0, 0, 0, 1, 0, 0, 0, 0, 0, 0, 0] 

8 Channels: No USRP 
Reward: [64.0, 67.0, 74.0, 75.0, 76.0, 50.0, 59.0, 51.0, 60.0, 68.0, 55.0, 60.0, 62.0, 71.0, 78.0, 73.0, 71.0, 74.0, 71.0, 80.0, 60.0, 75.0, 61.0, 62.0, 71.0, 83.0, 73.0, 78.0, 77.0, 72.0, 78.0, 84.0, 85.0, 80.0, 81.0, 75.0, 93.0, 58.0, 65.0, 72.0, 79.0, 79.0, 84.0, 87.0, 91.0, 70.0, 86.0, 84.0, 79.0, 71.0, 74.0, 82.0, 79.0, 73.0, 93.0, 82.0, 74.0, 89.0, 59.0, 79.0, 69.0, 71.0, 60.0, 91.0, 83.0, 91.0, 89.0, 87.0, 79.0, 73.0, 77.0, 84.0, 79.0, 87.0, 88.0, 74.0, 72.0, 69.0, 74.0, 81.0, 77.0, 71.0, 60.0, 85.0, 80.0, 62.0, 57.0, 88.0, 83.0, 70.0, 68.0, 87.0, 80.0, 83.0, 72.0, 68.0, 82.0, 76.0, 80.0, 86.0, 77.0, 83.0, 83.0, 88.0, 76.0, 88.0, 81.0, 76.0, 82.0, 92.0, 87.0, 91.0, 71.0, 89.0, 89.0, 85.0, 97.0, 87.0, 91.0, 83.0, 95.0, 93.0, 80.0, 93.0, 90.0, 82.0, 89.0, 86.0, 88.0, 86.0, 90.0, 86.0, 80.0, 75.0, 87.0, 87.0, 93.0, 90.0, 83.0, 85.0, 79.0, 87.0, 87.0, 74.0, 76.0, 80.0, 85.0, 79.0, 92.0, 81.0, 70.0, 77.0, 79.0, 82.0, 97.0, 92.0, 75.0, 84.0, 83.0, 86.0, 91.0, 81.0, 90.0, 95.0, 82.0, 89.0, 87.0, 83.0, 96.0, 79.0, 71.0, 94.0, 87.0, 94.0, 86.0, 85.0, 87.0, 88.0, 81.0, 94.0, 80.0, 77.0, 88.0, 84.0, 86.0, 84.0, 88.0, 85.0, 88.0, 89.0, 89.0, 81.0, 93.0, 88.0, 94.0, 84.0, 75.0, 90.0, 79.0, 83.0] 
Sensing Errors: [44, 18, 25, 13, 32, 65, 67, 68, 48, 53, 67, 59, 59, 54, 40, 53, 50, 46, 54, 44, 70, 59, 78, 72, 50, 35, 57, 45, 40, 75, 51, 33, 43, 34, 38, 54, 12, 71, 71, 60, 36, 38, 25, 30, 20, 53, 31, 34, 42, 54, 70, 32, 37, 60, 29, 35, 56, 22, 75, 36, 66, 57, 76, 22, 32, 26, 34, 28, 45, 60, 46, 45, 42, 28, 24, 58, 52, 63, 51, 36, 43, 66, 75, 35, 54, 68, 76, 29, 46, 67, 68, 40, 51, 37, 59, 76, 42, 46, 59, 45, 50, 55, 49, 39, 45, 26, 40, 57, 43, 24, 29, 27, 56, 23, 28, 42, 16, 30, 36, 36, 11, 17, 44, 33, 25, 40, 34, 29, 23, 26, 34, 40, 55, 41, 32, 28, 16, 30, 32, 38, 55, 38, 32, 40, 51, 39, 34, 45, 13, 46, 52, 48, 52, 45, 8, 14, 51, 29, 29, 34, 36, 38, 37, 16, 40, 26, 28, 38, 15, 43, 53, 17, 26, 19, 33, 47, 38, 27, 41, 26, 30, 44, 28, 38, 27, 37, 30, 31, 23, 34, 25, 39, 22, 21, 21, 40, 54, 42, 49, 26] 
Packet Feedback Errors: [3, 1, 4, 0, 2, 1, 2, 2, 0, 0, 2, 0, 2, 1, 1, 0, 0, 0, 0, 0, 0, 2, 0, 0, 0, 0, 1, 0, 1, 1, 0, 0, 1, 0, 0, 0, 0, 0, 0, 0, 0, 0, 0, 0, 0, 0, 0, 0, 0, 0, 0, 0, 2, 0, 0, 1, 0, 0, 0, 0, 1, 0, 0, 0, 0, 1, 0, 0, 1, 0, 0, 1, 1, 0, 0, 1, 0, 0, 0, 0, 0, 0, 0, 2, 2, 2, 1, 0, 0, 0, 0, 0, 0, 0, 0, 0, 0, 0, 0, 0, 0, 0, 1, 0, 0, 0, 1, 0, 0, 0, 0, 0, 0, 0, 0, 0, 0, 1, 0, 0, 0, 0, 0, 0, 0, 1, 2, 0, 0, 0, 0, 0, 1, 0, 0, 0, 0, 0, 0, 0, 1, 0, 1, 0, 1, 0, 0, 0, 0, 0, 0, 0, 0, 1, 1, 0, 0, 0, 0, 0, 0, 0, 1, 0, 0, 0, 0, 1, 0, 0, 0, 0, 0, 0, 0, 2, 0, 0, 0, 2, 0, 0, 0, 0, 0, 1, 1, 0, 0, 0, 0, 0, 1, 0, 0, 0, 0, 0, 0, 0] 
Packet Errors: [36, 33, 26, 25, 24, 50, 41, 49, 40, 32, 45, 40, 38, 29, 22, 27, 29, 26, 29, 20, 40, 25, 39, 38, 29, 17, 27, 22, 23, 28, 22, 16, 15, 20, 19, 25, 7, 42, 35, 28, 21, 21, 16, 13, 9, 30, 14, 16, 21, 29, 26, 18, 21, 27, 7, 18, 26, 11, 41, 21, 31, 29, 40, 9, 17, 9, 11, 13, 21, 27, 23, 16, 21, 13, 12, 26, 28, 31, 26, 19, 23, 29, 40, 15, 20, 38, 43, 12, 17, 30, 32, 13, 20, 17, 28, 32, 18, 24, 20, 14, 23, 17, 17, 12, 24, 12, 19, 24, 18, 8, 13, 9, 29, 11, 11, 15, 3, 13, 9, 17, 5, 7, 20, 7, 10, 18, 11, 14, 12, 14, 10, 14, 20, 25, 13, 13, 7, 10, 17, 15, 21, 13, 13, 26, 24, 20, 15, 21, 8, 19, 30, 23, 21, 18, 3, 8, 25, 16, 17, 14, 9, 19, 10, 5, 18, 11, 13, 17, 4, 21, 29, 6, 13, 6, 14, 15, 13, 12, 19, 6, 20, 23, 12, 16, 14, 16, 12, 15, 12, 11, 11, 19, 7, 12, 6, 16, 25, 10, 21, 17] 

8 Channels: No USRP 
Reward: [71.0, 76.0, 75.0, 89.0, 79.0, 92.0, 86.0, 90.0, 93.0, 93.0, 93.0, 93.0, 97.0, 95.0, 99.0, 92.0, 95.0, 94.0, 99.0, 97.0, 93.0, 99.0, 98.0, 97.0, 96.0, 98.0, 100.0, 97.0, 98.0, 100.0, 100.0, 98.0, 97.0, 98.0, 99.0, 99.0, 100.0, 99.0, 100.0, 100.0, 99.0, 100.0, 99.0, 99.0, 99.0, 99.0, 100.0, 99.0, 100.0, 100.0, 100.0, 100.0, 100.0, 100.0, 99.0, 100.0, 100.0, 100.0, 100.0, 99.0, 100.0, 100.0, 100.0, 100.0, 100.0, 100.0, 100.0, 100.0, 100.0, 100.0, 100.0, 100.0, 100.0, 100.0, 100.0, 100.0, 100.0, 100.0, 100.0, 100.0, 100.0, 100.0, 100.0, 100.0, 100.0, 100.0, 100.0, 100.0, 100.0, 100.0, 100.0, 100.0, 100.0, 100.0, 100.0, 100.0, 100.0, 100.0, 100.0, 100.0, 100.0, 100.0, 100.0, 100.0, 100.0, 100.0, 100.0, 100.0, 99.0, 100.0, 100.0, 100.0, 100.0, 100.0, 100.0, 100.0, 100.0, 100.0, 100.0, 100.0, 100.0, 100.0, 100.0, 99.0, 100.0, 100.0, 100.0, 100.0, 100.0, 100.0, 100.0, 100.0, 100.0, 100.0, 100.0, 100.0, 100.0, 100.0, 100.0, 100.0, 100.0, 100.0, 100.0, 100.0, 100.0, 100.0, 100.0, 100.0, 100.0, 100.0, 100.0, 100.0, 100.0, 100.0, 100.0, 100.0, 100.0, 100.0, 100.0, 100.0, 100.0, 99.0, 100.0, 100.0, 100.0, 100.0, 100.0, 100.0, 100.0, 100.0, 100.0, 99.0, 100.0, 100.0, 100.0, 100.0, 100.0, 100.0, 100.0, 100.0, 100.0, 100.0, 100.0, 100.0, 100.0, 100.0, 100.0, 100.0, 100.0, 100.0, 100.0, 100.0, 99.0, 100.0, 100.0, 100.0, 100.0, 100.0, 100.0, 100.0] 
Sensing Errors: [1, 2, 0, 0, 0, 9, 0, 0, 0, 0, 4, 0, 0, 0, 0, 0, 0, 0, 0, 2, 0, 0, 0, 0, 0, 0, 0, 5, 4, 3, 1, 1, 0, 0, 0, 0, 0, 0, 0, 0, 0, 0, 0, 0, 0, 0, 0, 4, 3, 2, 2, 5, 2, 1, 6, 0, 1, 4, 2, 5, 5, 4, 4, 0, 0, 0, 0, 0, 0, 0, 0, 3, 5, 5, 2, 2, 0, 0, 0, 0, 0, 1, 3, 5, 5, 1, 1, 6, 3, 0, 6, 6, 6, 2, 3, 8, 3, 1, 0, 0, 0, 0, 0, 0, 0, 0, 0, 0, 2, 5, 1, 4, 5, 0, 4, 0, 7, 5, 7, 7, 2, 0, 5, 2, 0, 0, 4, 3, 5, 1, 0, 1, 1, 2, 6, 3, 1, 1, 0, 0, 1, 0, 0, 0, 0, 0, 0, 0, 0, 0, 0, 0, 0, 0, 0, 0, 0, 1, 3, 0, 0, 4, 1, 2, 1, 7, 0, 0, 2, 0, 0, 0, 0, 0, 0, 0, 1, 0, 0, 0, 1, 7, 5, 1, 1, 8, 5, 1, 0, 0, 2, 4, 6, 7, 1, 2, 9, 6, 3, 1] 
Packet Feedback Errors: [1, 0, 0, 0, 1, 2, 0, 0, 0, 0, 0, 0, 0, 0, 0, 0, 0, 1, 0, 0, 0, 0, 0, 0, 0, 0, 0, 0, 0, 0, 0, 0, 0, 0, 0, 0, 0, 0, 0, 0, 0, 0, 0, 0, 0, 0, 0, 0, 0, 0, 0, 0, 0, 0, 0, 0, 0, 0, 0, 0, 0, 0, 0, 0, 0, 0, 0, 0, 0, 0, 0, 0, 0, 0, 0, 0, 0, 0, 0, 0, 0, 0, 0, 0, 0, 0, 0, 0, 0, 0, 0, 0, 0, 0, 0, 0, 0, 0, 0, 0, 0, 0, 0, 0, 0, 0, 0, 0, 0, 0, 0, 0, 0, 0, 0, 0, 0, 0, 0, 0, 0, 0, 0, 0, 0, 0, 0, 0, 0, 0, 0, 0, 0, 0, 0, 0, 0, 0, 0, 0, 0, 0, 0, 0, 0, 0, 0, 0, 0, 0, 0, 0, 0, 0, 0, 0, 0, 0, 0, 0, 0, 0, 0, 0, 0, 0, 0, 0, 0, 0, 0, 0, 0, 0, 0, 0, 0, 0, 0, 0, 0, 0, 0, 0, 0, 0, 0, 0, 0, 0, 0, 0, 0, 0, 0, 0, 0, 0, 0, 0] 
Packet Errors: [29, 24, 25, 11, 21, 8, 14, 10, 7, 7, 7, 7, 3, 5, 1, 8, 5, 6, 1, 3, 7, 1, 2, 3, 4, 2, 0, 3, 2, 0, 0, 2, 3, 2, 1, 1, 0, 1, 0, 0, 1, 0, 1, 1, 1, 1, 0, 1, 0, 0, 0, 0, 0, 0, 1, 0, 0, 0, 0, 1, 0, 0, 0, 0, 0, 0, 0, 0, 0, 0, 0, 0, 0, 0, 0, 0, 0, 0, 0, 0, 0, 0, 0, 0, 0, 0, 0, 0, 0, 0, 0, 0, 0, 0, 0, 0, 0, 0, 0, 0, 0, 0, 0, 0, 0, 0, 0, 0, 1, 0, 0, 0, 0, 0, 0, 0, 0, 0, 0, 0, 0, 0, 0, 1, 0, 0, 0, 0, 0, 0, 0, 0, 0, 0, 0, 0, 0, 0, 0, 0, 0, 0, 0, 0, 0, 0, 0, 0, 0, 0, 0, 0, 0, 0, 0, 0, 0, 0, 0, 0, 0, 1, 0, 0, 0, 0, 0, 0, 0, 0, 0, 1, 0, 0, 0, 0, 0, 0, 0, 0, 0, 0, 0, 0, 0, 0, 0, 0, 0, 0, 0, 0, 1, 0, 0, 0, 0, 0, 0, 0] 

8 Channels: No USRP 
Reward: [71.0, 73.0, 81.0, 85.0, 79.0, 82.0, 83.0, 87.0, 83.0, 83.0, 86.0, 87.0, 84.0, 87.0, 86.0, 84.0, 87.0, 86.0, 86.0, 85.0, 86.0, 86.0, 86.0, 85.0, 86.0, 86.0, 86.0, 86.0, 86.0, 86.0, 86.0, 87.0, 86.0, 86.0, 86.0, 87.0, 85.0, 87.0, 86.0, 86.0, 86.0, 86.0, 86.0, 85.0, 86.0, 86.0, 86.0, 86.0, 86.0, 87.0, 85.0, 86.0, 86.0, 85.0, 86.0, 86.0, 87.0, 85.0, 86.0, 87.0, 86.0, 85.0, 86.0, 86.0, 85.0, 86.0, 87.0, 87.0, 85.0, 86.0, 84.0, 86.0, 86.0, 86.0, 86.0, 85.0, 87.0, 86.0, 85.0, 86.0, 86.0, 86.0, 85.0, 85.0, 86.0, 86.0, 86.0, 86.0, 86.0, 85.0, 86.0, 86.0, 87.0, 86.0, 86.0, 87.0, 85.0, 86.0, 86.0, 85.0] 
Sensing Errors: [0, 1, 0, 0, 0, 0, 0, 0, 0, 0, 0, 0, 0, 0, 0, 1, 0, 0, 0, 0, 0, 0, 0, 4, 0, 0, 0, 0, 0, 0, 0, 0, 0, 0, 4, 0, 0, 0, 0, 0, 1, 0, 0, 0, 0, 0, 0, 0, 0, 0, 0, 0, 0, 0, 0, 0, 0, 0, 0, 0, 0, 0, 0, 0, 0, 0, 0, 0, 0, 0, 3, 0, 0, 0, 0, 0, 0, 0, 0, 0, 0, 0, 0, 0, 0, 0, 0, 0, 0, 0, 0, 0, 0, 0, 0, 0, 0, 0, 1, 0] 
Packet Feedback Errors: [0, 1, 0, 0, 0, 0, 0, 0, 0, 0, 0, 1, 1, 0, 0, 0, 1, 0, 0, 0, 0, 0, 1, 0, 0, 0, 1, 0, 0, 1, 0, 1, 0, 1, 1, 1, 0, 0, 0, 0, 1, 0, 1, 0, 0, 0, 0, 1, 0, 1, 0, 0, 0, 0, 1, 0, 1, 0, 0, 1, 0, 0, 0, 0, 0, 0, 1, 1, 0, 0, 2, 1, 0, 0, 0, 0, 1, 0, 0, 0, 0, 0, 0, 0, 0, 1, 0, 0, 0, 0, 0, 0, 2, 0, 0, 1, 0, 0, 1, 0] 
Packet Errors: [29, 27, 19, 15, 21, 18, 17, 13, 17, 17, 14, 13, 16, 13, 14, 16, 13, 14, 14, 15, 14, 14, 14, 15, 14, 14, 14, 14, 14, 14, 14, 13, 14, 14, 14, 13, 15, 13, 14, 14, 14, 14, 14, 15, 14, 14, 14, 14, 14, 13, 15, 14, 14, 15, 14, 14, 13, 15, 14, 13, 14, 15, 14, 14, 15, 14, 13, 13, 15, 14, 16, 14, 14, 14, 14, 15, 13, 14, 15, 14, 14, 14, 15, 15, 14, 14, 14, 14, 14, 15, 14, 14, 13, 14, 14, 13, 15, 14, 14, 15] 

6 Channels: No USRP 
Reward: [64.0, 56.0, 74.0, 80.0, 85.0, 80.0, 88.0, 97.0, 95.0, 93.0, 97.0, 100.0, 100.0, 99.0, 98.0, 99.0, 99.0, 100.0, 100.0, 100.0, 100.0, 100.0, 99.0, 100.0, 100.0, 99.0, 100.0, 100.0, 100.0, 99.0, 99.0, 99.0, 100.0, 100.0, 100.0, 100.0, 100.0, 100.0, 99.0, 100.0, 100.0, 100.0, 100.0, 100.0, 100.0, 100.0, 100.0, 100.0, 100.0, 100.0, 100.0, 100.0, 100.0, 100.0, 100.0, 100.0, 100.0, 100.0, 100.0, 100.0, 100.0, 100.0, 99.0, 100.0, 100.0, 100.0, 100.0, 99.0, 100.0, 100.0, 100.0, 100.0, 100.0, 99.0, 99.0, 100.0, 100.0, 100.0, 100.0, 99.0, 99.0, 100.0, 100.0, 99.0, 100.0, 100.0, 100.0, 100.0, 99.0, 100.0, 100.0, 100.0, 100.0, 100.0, 100.0, 100.0, 100.0, 98.0, 100.0, 99.0] 
Sensing Errors: [0, 5, 0, 5, 8, 9, 5, 6, 5, 4, 0, 0, 0, 0, 0, 4, 4, 0, 0, 0, 6, 7, 4, 3, 10, 6, 6, 4, 0, 2, 0, 1, 0, 0, 0, 0, 0, 7, 4, 4, 5, 0, 0, 0, 0, 0, 0, 0, 0, 1, 1, 1, 0, 2, 6, 1, 0, 0, 0, 1, 0, 3, 3, 0, 0, 0, 5, 8, 9, 6, 8, 9, 9, 6, 2, 1, 1, 8, 10, 6, 5, 5, 9, 4, 0, 0, 1, 5, 1, 0, 3, 7, 0, 0, 0, 0, 0, 1, 0, 1] 
Packet Feedback Errors: [1, 0, 0, 1, 0, 1, 0, 0, 0, 0, 0, 0, 0, 0, 0, 0, 0, 0, 0, 0, 0, 0, 0, 0, 0, 0, 0, 0, 0, 0, 0, 0, 0, 0, 0, 0, 0, 0, 0, 0, 0, 0, 0, 0, 0, 0, 0, 0, 0, 0, 0, 0, 0, 0, 0, 0, 0, 0, 0, 0, 0, 0, 0, 0, 0, 0, 0, 0, 0, 0, 0, 0, 0, 0, 0, 0, 0, 0, 0, 0, 0, 0, 0, 0, 0, 0, 0, 0, 0, 0, 0, 0, 0, 0, 0, 0, 0, 0, 0, 0] 
Packet Errors: [36, 44, 26, 20, 15, 20, 12, 3, 5, 7, 3, 0, 0, 1, 2, 1, 1, 0, 0, 0, 0, 0, 1, 0, 0, 1, 0, 0, 0, 1, 1, 1, 0, 0, 0, 0, 0, 0, 1, 0, 0, 0, 0, 0, 0, 0, 0, 0, 0, 0, 0, 0, 0, 0, 0, 0, 0, 0, 0, 0, 0, 0, 1, 0, 0, 0, 0, 1, 0, 0, 0, 0, 0, 1, 1, 0, 0, 0, 0, 1, 1, 0, 0, 1, 0, 0, 0, 0, 1, 0, 0, 0, 0, 0, 0, 0, 0, 2, 0, 1] 

6 Channels: No USRP 
Reward: [67.0, 69.0, 71.0, 87.0, 89.0, 90.0, 93.0, 95.0, 97.0, 98.0, 94.0, 99.0, 97.0, 99.0, 97.0, 99.0, 100.0, 100.0, 98.0, 97.0, 99.0, 100.0, 100.0, 99.0, 100.0, 100.0, 100.0, 100.0, 99.0, 100.0, 99.0, 100.0, 100.0, 100.0, 100.0, 98.0, 100.0, 100.0, 100.0, 100.0, 100.0, 99.0, 100.0, 97.0, 97.0, 100.0, 100.0, 100.0, 100.0, 99.0, 99.0, 99.0, 98.0, 100.0, 98.0, 100.0, 100.0, 100.0, 100.0, 100.0, 100.0, 99.0, 98.0, 100.0, 100.0, 100.0, 98.0, 100.0, 100.0, 100.0, 98.0, 100.0, 100.0, 100.0, 100.0, 100.0, 99.0, 100.0, 100.0, 100.0, 100.0, 99.0, 99.0, 100.0, 99.0, 100.0, 100.0, 100.0, 98.0, 99.0, 99.0, 100.0, 100.0, 100.0, 100.0, 100.0, 99.0, 99.0, 99.0, 100.0] 
Sensing Errors: [0, 1, 1, 0, 0, 0, 7, 0, 0, 5, 1, 0, 0, 1, 1, 1, 0, 0, 5, 7, 4, 2, 0, 0, 6, 8, 10, 8, 10, 7, 10, 0, 0, 0, 0, 1, 0, 0, 3, 5, 6, 8, 6, 8, 10, 9, 5, 4, 9, 9, 8, 8, 6, 7, 3, 0, 3, 5, 5, 7, 5, 7, 3, 7, 5, 7, 6, 5, 3, 4, 6, 0, 0, 0, 0, 0, 0, 0, 0, 5, 8, 6, 5, 16, 9, 1, 0, 1, 1, 2, 7, 5, 0, 0, 1, 7, 10, 6, 7, 7] 
Packet Feedback Errors: [0, 1, 1, 0, 0, 0, 4, 0, 0, 1, 0, 0, 0, 0, 0, 0, 0, 0, 2, 6, 3, 2, 0, 0, 6, 8, 8, 8, 9, 7, 9, 0, 0, 0, 0, 0, 0, 0, 2, 5, 6, 7, 6, 5, 8, 9, 5, 4, 9, 8, 7, 7, 4, 7, 1, 0, 3, 5, 5, 7, 5, 6, 1, 7, 5, 7, 4, 5, 3, 4, 4, 0, 0, 0, 0, 0, 0, 0, 0, 5, 8, 5, 4, 16, 8, 1, 0, 0, 0, 1, 6, 4, 0, 0, 1, 7, 9, 5, 6, 7] 
Packet Errors: [33, 31, 29, 13, 11, 10, 7, 5, 3, 2, 6, 1, 3, 1, 3, 1, 0, 0, 2, 3, 1, 0, 0, 1, 0, 0, 0, 0, 1, 0, 1, 0, 0, 0, 0, 2, 0, 0, 0, 0, 0, 1, 0, 3, 3, 0, 0, 0, 0, 1, 1, 1, 2, 0, 2, 0, 0, 0, 0, 0, 0, 1, 2, 0, 0, 0, 2, 0, 0, 0, 2, 0, 0, 0, 0, 0, 1, 0, 0, 0, 0, 1, 1, 0, 1, 0, 0, 0, 2, 1, 1, 0, 0, 0, 0, 0, 1, 1, 1, 0] 

8 Channels: No USRP 
Reward: [80.0, 73.0, 70.0, 81.0, 85.0, 81.0, 86.0, 80.0, 87.0, 88.0, 86.0, 87.0, 87.0, 87.0, 85.0, 87.0, 86.0, 85.0, 86.0, 86.0, 86.0, 85.0, 86.0, 86.0, 85.0, 87.0, 86.0, 86.0, 85.0, 86.0, 86.0, 85.0, 86.0, 86.0, 86.0, 85.0, 85.0, 86.0, 85.0, 86.0, 86.0, 86.0, 85.0, 86.0, 86.0, 85.0, 86.0, 87.0, 86.0, 85.0, 87.0, 87.0, 87.0, 86.0, 86.0, 86.0, 85.0, 86.0, 86.0, 85.0, 86.0, 86.0, 86.0, 85.0, 86.0, 86.0, 85.0, 87.0, 87.0, 86.0, 85.0, 85.0, 86.0, 86.0, 86.0, 86.0, 86.0, 85.0, 86.0, 86.0, 85.0, 86.0, 86.0, 86.0, 85.0, 87.0, 85.0, 85.0, 86.0, 86.0, 86.0, 85.0, 86.0, 86.0, 85.0, 87.0, 85.0, 86.0, 85.0, 87.0] 
Sensing Errors: [3, 2, 4, 5, 7, 6, 4, 5, 1, 3, 1, 0, 0, 0, 0, 0, 0, 0, 0, 0, 0, 2, 0, 2, 3, 1, 0, 2, 6, 4, 5, 3, 2, 2, 3, 0, 1, 0, 0, 0, 0, 0, 0, 0, 0, 0, 2, 0, 0, 1, 2, 0, 3, 1, 0, 3, 9, 4, 0, 0, 0, 0, 0, 0, 2, 2, 4, 6, 5, 4, 5, 7, 6, 2, 3, 1, 6, 1, 3, 5, 2, 2, 1, 5, 0, 1, 5, 3, 0, 0, 0, 0, 0, 0, 0, 0, 1, 0, 0, 0] 
Packet Feedback Errors: [0, 0, 0, 1, 1, 1, 1, 0, 0, 2, 1, 0, 0, 0, 0, 0, 1, 0, 0, 0, 0, 0, 0, 0, 0, 1, 0, 0, 0, 0, 0, 0, 0, 0, 0, 0, 0, 0, 0, 0, 0, 0, 0, 0, 0, 0, 0, 1, 0, 0, 1, 1, 2, 0, 0, 0, 0, 0, 0, 0, 0, 0, 0, 0, 0, 0, 0, 1, 1, 0, 0, 0, 0, 1, 0, 0, 0, 0, 0, 0, 0, 0, 0, 0, 0, 1, 0, 0, 0, 0, 0, 0, 0, 0, 0, 1, 0, 0, 0, 1] 
Packet Errors: [20, 27, 30, 19, 15, 19, 14, 20, 13, 12, 14, 13, 13, 13, 15, 13, 14, 15, 14, 14, 14, 15, 14, 14, 15, 13, 14, 14, 15, 14, 14, 15, 14, 14, 14, 15, 15, 14, 15, 14, 14, 14, 15, 14, 14, 15, 14, 13, 14, 15, 13, 13, 13, 14, 14, 14, 15, 14, 14, 15, 14, 14, 14, 15, 14, 14, 15, 13, 13, 14, 15, 15, 14, 14, 14, 14, 14, 15, 14, 14, 15, 14, 14, 14, 15, 13, 15, 15, 14, 14, 14, 15, 14, 14, 15, 13, 15, 14, 15, 13] 

8 Channels: No USRP 
Reward: [72.0, 76.0, 77.0, 74.0, 80.0, 76.0, 71.0, 77.0, 81.0, 80.0, 78.0, 74.0, 81.0, 75.0, 72.0, 77.0, 82.0, 78.0, 80.0, 74.0, 78.0, 70.0, 78.0, 74.0, 72.0, 78.0, 75.0, 83.0, 77.0, 86.0, 78.0, 84.0, 78.0, 87.0, 82.0, 74.0, 81.0, 84.0, 85.0, 82.0, 80.0, 84.0, 76.0, 78.0, 87.0, 91.0, 85.0, 85.0, 81.0, 81.0, 84.0, 83.0, 75.0, 85.0, 88.0, 84.0, 85.0, 84.0, 90.0, 82.0, 86.0, 89.0, 86.0, 84.0, 84.0, 78.0, 89.0, 80.0, 89.0, 86.0, 90.0, 84.0, 88.0, 88.0, 88.0, 86.0, 84.0, 84.0, 80.0, 86.0, 93.0, 84.0, 87.0, 83.0, 83.0, 90.0, 85.0, 83.0, 79.0, 87.0, 87.0, 84.0, 91.0, 94.0, 83.0, 88.0, 82.0, 87.0, 90.0, 92.0] 
Sensing Errors: [7, 3, 4, 2, 0, 3, 0, 2, 3, 2, 0, 0, 0, 0, 0, 0, 0, 0, 3, 0, 0, 0, 0, 1, 0, 0, 1, 0, 0, 0, 0, 0, 0, 0, 0, 0, 0, 0, 0, 0, 0, 0, 0, 0, 1, 0, 1, 0, 2, 1, 0, 0, 0, 0, 0, 0, 0, 2, 5, 0, 0, 0, 0, 0, 0, 0, 0, 0, 0, 0, 2, 2, 1, 1, 6, 3, 1, 0, 0, 0, 0, 0, 0, 0, 0, 0, 0, 3, 1, 2, 2, 1, 1, 5, 3, 5, 1, 1, 0, 0] 
Packet Feedback Errors: [1, 1, 0, 1, 1, 0, 0, 1, 1, 1, 0, 0, 3, 1, 0, 0, 1, 0, 1, 0, 1, 0, 2, 0, 0, 0, 2, 0, 0, 0, 0, 0, 0, 0, 0, 0, 0, 0, 0, 0, 1, 0, 1, 0, 0, 0, 0, 1, 1, 1, 0, 0, 2, 0, 0, 0, 1, 0, 0, 0, 0, 0, 0, 0, 0, 2, 2, 0, 0, 0, 0, 0, 0, 0, 0, 0, 0, 0, 0, 0, 0, 0, 0, 0, 1, 0, 0, 0, 0, 1, 0, 1, 1, 0, 0, 0, 1, 1, 0, 0] 
Packet Errors: [28, 24, 23, 26, 20, 24, 29, 23, 19, 20, 22, 26, 19, 25, 28, 23, 18, 22, 20, 26, 22, 30, 22, 26, 28, 22, 25, 17, 23, 14, 22, 16, 22, 13, 18, 26, 19, 16, 15, 18, 20, 16, 24, 22, 13, 9, 15, 15, 19, 19, 16, 17, 25, 15, 12, 16, 15, 16, 10, 18, 14, 11, 14, 16, 16, 22, 11, 20, 11, 14, 10, 16, 12, 12, 12, 14, 16, 16, 20, 14, 7, 16, 13, 17, 17, 10, 15, 17, 21, 13, 13, 16, 9, 6, 17, 12, 18, 13, 10, 8] 

6 Channels: No USRP (0.1,0.25,0.9)
Reward: [50.0, 54.0, 62.0, 71.0, 76.0, 73.0, 78.0, 78.0, 81.0, 78.0, 89.0, 83.0, 86.0, 87.0, 85.0, 92.0, 92.0, 86.0, 89.0, 92.0, 87.0, 88.0, 92.0, 98.0, 95.0, 99.0, 97.0, 92.0, 98.0, 98.0, 99.0, 98.0, 100.0, 98.0, 100.0, 100.0, 100.0, 98.0, 99.0, 97.0, 100.0, 99.0, 95.0, 100.0, 100.0, 100.0, 98.0, 100.0, 100.0, 100.0, 100.0, 100.0, 99.0, 98.0, 100.0, 100.0, 99.0, 100.0, 100.0, 100.0, 100.0, 100.0, 100.0, 100.0, 100.0, 100.0, 100.0, 100.0, 100.0, 100.0, 100.0, 97.0, 100.0, 100.0, 100.0, 100.0, 100.0, 100.0, 100.0, 100.0, 100.0, 100.0, 100.0, 100.0, 100.0, 100.0, 100.0, 100.0, 100.0, 99.0, 100.0, 100.0, 100.0, 100.0, 100.0, 100.0, 100.0, 100.0, 100.0, 100.0] 
Sensing Errors: [3, 4, 1, 1, 0, 0, 0, 0, 1, 0, 0, 1, 0, 0, 0, 0, 0, 1, 1, 1, 5, 0, 0, 0, 0, 0, 0, 0, 1, 0, 0, 1, 0, 0, 0, 0, 0, 0, 0, 0, 0, 0, 3, 0, 0, 0, 1, 0, 0, 0, 0, 0, 0, 1, 0, 1, 0, 0, 0, 0, 0, 0, 0, 0, 0, 0, 0, 0, 0, 0, 0, 2, 0, 0, 0, 0, 0, 0, 0, 0, 0, 0, 0, 0, 0, 0, 0, 0, 0, 1, 0, 0, 0, 0, 1, 0, 0, 0, 0, 0] 
Packet Feedback Errors: [1, 0, 0, 0, 2, 0, 0, 0, 0, 1, 0, 2, 1, 0, 0, 0, 0, 0, 0, 0, 0, 0, 0, 0, 0, 0, 0, 0, 0, 0, 0, 1, 0, 0, 0, 0, 0, 0, 0, 0, 0, 0, 0, 0, 0, 0, 0, 0, 0, 0, 0, 0, 0, 0, 0, 0, 0, 0, 0, 0, 0, 0, 0, 0, 0, 0, 0, 0, 0, 0, 0, 0, 0, 0, 0, 0, 0, 0, 0, 0, 0, 0, 0, 0, 0, 0, 0, 0, 0, 0, 0, 0, 0, 0, 0, 0, 0, 0, 0, 0] 
Packet Errors: [50, 46, 38, 29, 24, 27, 22, 22, 19, 22, 11, 17, 14, 13, 15, 8, 8, 14, 11, 8, 13, 12, 8, 2, 5, 1, 3, 8, 2, 2, 1, 2, 0, 2, 0, 0, 0, 2, 1, 3, 0, 1, 5, 0, 0, 0, 2, 0, 0, 0, 0, 0, 1, 2, 0, 0, 1, 0, 0, 0, 0, 0, 0, 0, 0, 0, 0, 0, 0, 0, 0, 3, 0, 0, 0, 0, 0, 0, 0, 0, 0, 0, 0, 0, 0, 0, 0, 0, 0, 1, 0, 0, 0, 0, 0, 0, 0, 0, 0, 0] 

8 Channels: No USRP 
Reward: [70.0, 70.0, 72.0, 82.0, 79.0, 77.0, 82.0, 88.0, 87.0, 87.0, 86.0, 86.0, 88.0, 86.0, 89.0, 92.0, 88.0, 95.0, 89.0, 92.0, 91.0, 92.0, 95.0, 96.0, 97.0, 94.0, 90.0, 96.0, 98.0, 96.0, 100.0, 100.0, 99.0, 99.0, 93.0, 92.0, 98.0, 97.0, 94.0, 93.0, 95.0, 92.0, 91.0, 92.0, 96.0, 99.0, 99.0, 99.0, 100.0, 99.0, 100.0, 100.0, 99.0, 100.0, 94.0, 100.0, 100.0, 100.0, 100.0, 100.0, 100.0, 99.0, 100.0, 100.0, 97.0, 99.0, 95.0, 95.0, 100.0, 100.0, 100.0, 100.0, 100.0, 100.0, 100.0, 100.0, 100.0, 100.0, 99.0, 100.0, 100.0, 99.0, 98.0, 94.0, 94.0, 96.0, 93.0, 96.0, 100.0, 100.0, 95.0, 90.0, 100.0, 100.0, 94.0, 98.0, 92.0, 100.0, 100.0, 99.0] 
Sensing Errors: [0, 9, 4, 0, 0, 0, 0, 0, 0, 0, 0, 0, 0, 2, 2, 4, 17, 9, 26, 7, 0, 0, 0, 0, 0, 4, 15, 0, 0, 0, 0, 0, 0, 5, 8, 10, 1, 4, 21, 5, 2, 9, 14, 20, 3, 0, 0, 0, 0, 0, 0, 0, 0, 1, 4, 0, 0, 0, 0, 0, 0, 0, 0, 0, 5, 4, 11, 9, 0, 0, 0, 0, 0, 0, 0, 0, 0, 0, 0, 0, 0, 3, 4, 5, 10, 6, 10, 11, 0, 1, 13, 15, 0, 0, 13, 2, 13, 0, 0, 3] 
Packet Feedback Errors: [2, 3, 0, 0, 0, 0, 0, 2, 0, 0, 0, 0, 0, 0, 0, 1, 2, 0, 3, 1, 0, 0, 0, 0, 0, 1, 0, 0, 0, 0, 0, 0, 0, 2, 0, 2, 0, 0, 4, 1, 1, 0, 3, 4, 0, 0, 0, 0, 0, 0, 0, 0, 0, 0, 1, 0, 0, 0, 0, 0, 0, 0, 0, 0, 0, 1, 1, 3, 0, 0, 0, 0, 0, 0, 0, 0, 0, 0, 0, 0, 0, 1, 0, 0, 1, 0, 0, 4, 0, 0, 4, 2, 0, 0, 2, 0, 1, 0, 0, 0] 
Packet Errors: [30, 30, 28, 18, 21, 23, 18, 12, 13, 13, 14, 14, 12, 14, 11, 8, 12, 5, 11, 8, 9, 8, 5, 4, 3, 6, 10, 4, 2, 4, 0, 0, 1, 1, 7, 8, 2, 3, 6, 7, 5, 8, 9, 8, 4, 1, 1, 1, 0, 1, 0, 0, 1, 0, 6, 0, 0, 0, 0, 0, 0, 1, 0, 0, 3, 1, 5, 5, 0, 0, 0, 0, 0, 0, 0, 0, 0, 0, 1, 0, 0, 1, 2, 6, 6, 4, 7, 4, 0, 0, 5, 10, 0, 0, 6, 2, 8, 0, 0, 1] 

12 Channels: No USRP 
Reward: [85.0, 81.0, 87.0, 88.0, 89.0, 93.0, 85.0, 90.0, 91.0, 90.0, 95.0, 90.0, 93.0, 94.0, 94.0, 96.0, 97.0, 98.0, 95.0, 98.0, 97.0, 97.0, 98.0, 96.0, 98.0, 98.0, 97.0, 99.0, 98.0, 99.0, 99.0, 96.0, 100.0, 99.0, 100.0, 100.0, 98.0, 100.0, 97.0, 99.0, 99.0, 99.0, 99.0, 100.0, 100.0, 100.0, 100.0, 99.0, 99.0, 99.0, 99.0, 100.0, 100.0, 98.0, 100.0, 100.0, 100.0, 100.0, 100.0, 100.0, 99.0, 100.0, 99.0, 100.0, 100.0, 100.0, 100.0, 100.0, 100.0, 100.0, 100.0, 100.0, 100.0, 100.0, 99.0, 100.0, 100.0, 99.0, 100.0, 100.0, 99.0, 99.0, 100.0, 100.0, 98.0, 100.0, 100.0, 100.0, 98.0, 99.0, 100.0, 100.0, 99.0, 99.0, 100.0, 100.0, 99.0, 99.0, 100.0, 100.0] 
Sensing Errors: [2, 0, 8, 2, 9, 0, 0, 0, 4, 0, 4, 0, 2, 0, 1, 0, 5, 2, 2, 4, 5, 4, 2, 0, 0, 0, 0, 0, 0, 1, 2, 4, 2, 4, 1, 0, 1, 0, 1, 0, 0, 0, 1, 3, 0, 1, 3, 2, 1, 2, 2, 1, 2, 3, 0, 0, 0, 0, 0, 0, 0, 3, 4, 3, 1, 1, 3, 0, 2, 1, 0, 2, 3, 3, 2, 1, 1, 3, 1, 3, 3, 3, 0, 3, 2, 1, 0, 0, 3, 2, 0, 3, 1, 2, 0, 2, 1, 0, 0, 1] 
Packet Feedback Errors: [0, 0, 0, 0, 1, 0, 1, 2, 1, 0, 1, 0, 0, 0, 0, 0, 1, 2, 1, 2, 1, 0, 0, 0, 0, 0, 0, 0, 0, 1, 0, 0, 2, 2, 1, 0, 1, 0, 0, 0, 0, 0, 1, 3, 0, 1, 3, 0, 0, 0, 1, 1, 2, 2, 0, 0, 0, 0, 0, 0, 0, 2, 3, 0, 1, 1, 3, 0, 2, 1, 0, 2, 3, 2, 1, 1, 1, 1, 1, 3, 2, 1, 0, 3, 0, 1, 0, 0, 1, 1, 0, 3, 0, 2, 0, 1, 0, 0, 0, 1] 
Packet Errors: [15, 19, 13, 12, 11, 7, 15, 10, 9, 10, 5, 10, 7, 6, 6, 4, 3, 2, 5, 2, 3, 3, 2, 4, 2, 2, 3, 1, 2, 1, 1, 4, 0, 1, 0, 0, 2, 0, 3, 1, 1, 1, 1, 0, 0, 0, 0, 1, 1, 1, 1, 0, 0, 2, 0, 0, 0, 0, 0, 0, 1, 0, 1, 0, 0, 0, 0, 0, 0, 0, 0, 0, 0, 0, 1, 0, 0, 1, 0, 0, 1, 1, 0, 0, 2, 0, 0, 0, 2, 1, 0, 0, 1, 1, 0, 0, 1, 1, 0, 0] 

6 Channels: No USRP 
Reward: [45.0, 35.0, 20.0, 29.0, 33.0, 39.0, 38.0, 35.0, 30.0, 30.0, 32.0, 50.0, 49.0, 50.0, 35.0, 44.0, 37.0, 41.0, 44.0, 48.0, 49.0, 48.0, 33.0, 59.0, 49.0, 53.0, 44.0, 44.0, 58.0, 49.0, 41.0, 38.0, 49.0, 43.0, 57.0, 46.0, 47.0, 53.0, 65.0, 62.0, 47.0, 43.0, 47.0, 42.0, 39.0, 54.0, 49.0, 50.0, 51.0, 41.0, 58.0, 52.0, 53.0, 33.0, 37.0, 58.0, 52.0, 40.0, 45.0, 48.0, 45.0, 34.0, 56.0, 49.0, 39.0, 56.0, 46.0, 46.0, 51.0, 37.0, 39.0, 43.0, 48.0, 55.0, 48.0, 41.0, 44.0, 46.0, 34.0, 50.0, 32.0, 45.0, 46.0, 44.0, 43.0, 55.0, 53.0, 41.0, 60.0, 49.0, 48.0, 40.0, 46.0, 44.0, 42.0, 39.0, 41.0, 30.0, 47.0, 36.0] 
Sensing Errors: [78, 76, 81, 84, 79, 82, 83, 84, 92, 74, 76, 71, 95, 96, 74, 95, 85, 77, 80, 74, 78, 87, 78, 69, 77, 66, 74, 80, 70, 75, 95, 89, 81, 87, 85, 75, 76, 82, 74, 62, 70, 74, 65, 80, 77, 66, 80, 85, 69, 79, 77, 81, 85, 89, 89, 75, 66, 76, 78, 66, 77, 81, 71, 66, 80, 78, 66, 77, 76, 83, 85, 67, 63, 58, 84, 71, 86, 82, 74, 83, 89, 71, 66, 68, 77, 55, 74, 75, 64, 77, 72, 78, 64, 92, 92, 79, 89, 72, 82, 81] 
Packet Feedback Errors: [0, 1, 3, 2, 1, 4, 1, 3, 0, 0, 0, 0, 1, 0, 3, 2, 1, 1, 1, 0, 3, 2, 3, 3, 4, 3, 1, 2, 3, 2, 3, 1, 4, 3, 1, 1, 2, 2, 4, 2, 2, 2, 2, 0, 1, 2, 2, 2, 2, 1, 0, 0, 0, 1, 2, 3, 1, 1, 0, 1, 0, 2, 4, 2, 1, 0, 1, 1, 1, 1, 1, 0, 2, 1, 1, 0, 1, 0, 1, 0, 2, 0, 0, 2, 3, 2, 0, 1, 0, 2, 2, 0, 0, 1, 1, 1, 2, 0, 2, 0] 
Packet Errors: [55, 65, 80, 71, 67, 61, 62, 65, 70, 70, 68, 50, 51, 50, 65, 56, 63, 59, 56, 52, 51, 52, 67, 41, 51, 47, 56, 56, 42, 51, 59, 62, 51, 57, 43, 54, 53, 47, 35, 38, 53, 57, 53, 58, 61, 46, 51, 50, 49, 59, 42, 48, 47, 67, 63, 42, 48, 60, 55, 52, 55, 66, 44, 51, 61, 44, 54, 54, 49, 63, 61, 57, 52, 45, 52, 59, 56, 54, 66, 50, 68, 55, 54, 56, 57, 45, 47, 59, 40, 51, 52, 60, 54, 56, 58, 61, 59, 70, 53, 64] 

8 Channels: No USRP 
Reward: [71.0, 75.0, 72.0, 73.0, 67.0, 77.0, 81.0, 78.0, 78.0, 80.0, 77.0, 78.0, 80.0, 82.0, 79.0, 81.0, 79.0, 82.0, 81.0, 87.0, 84.0, 82.0, 85.0, 84.0, 85.0, 86.0, 85.0, 85.0, 83.0, 82.0, 85.0, 84.0, 84.0, 85.0, 85.0, 84.0, 86.0, 86.0, 85.0, 88.0, 86.0, 87.0, 84.0, 85.0, 85.0, 84.0, 86.0, 85.0, 86.0, 84.0, 87.0, 86.0, 85.0, 86.0, 86.0, 85.0, 85.0, 86.0, 86.0, 85.0, 87.0, 86.0, 87.0, 85.0, 85.0, 86.0, 85.0, 86.0, 86.0, 86.0, 86.0, 85.0, 86.0, 85.0, 86.0, 87.0, 86.0, 86.0, 85.0, 86.0, 85.0, 86.0, 86.0, 86.0, 85.0, 86.0, 86.0, 87.0, 86.0, 87.0, 86.0, 85.0, 86.0, 87.0, 85.0, 86.0, 87.0, 86.0, 85.0, 86.0] 
Sensing Errors: [0, 0, 0, 0, 0, 0, 0, 0, 0, 0, 0, 0, 0, 0, 0, 0, 0, 0, 0, 0, 0, 0, 0, 0, 0, 0, 0, 0, 0, 0, 1, 0, 0, 0, 0, 0, 0, 0, 0, 0, 0, 0, 0, 0, 0, 0, 0, 0, 0, 0, 0, 0, 0, 0, 0, 0, 0, 0, 0, 0, 0, 0, 0, 0, 0, 0, 0, 0, 0, 0, 0, 0, 0, 0, 0, 0, 0, 0, 0, 0, 0, 0, 0, 0, 0, 0, 0, 0, 0, 0, 0, 0, 0, 1, 0, 0, 0, 0, 0, 0] 
Packet Feedback Errors: [0, 1, 0, 1, 0, 0, 0, 0, 1, 1, 1, 0, 0, 0, 1, 0, 0, 0, 0, 0, 0, 1, 0, 0, 0, 0, 0, 1, 0, 0, 1, 0, 0, 0, 0, 0, 0, 0, 0, 1, 0, 0, 0, 0, 0, 0, 0, 0, 0, 0, 1, 0, 0, 0, 0, 0, 0, 1, 0, 0, 0, 0, 1, 0, 0, 0, 0, 0, 0, 0, 1, 0, 0, 0, 0, 1, 0, 1, 0, 0, 0, 0, 1, 0, 0, 0, 0, 2, 0, 1, 0, 0, 0, 2, 0, 0, 1, 0, 0, 0] 
Packet Errors: [29, 25, 28, 27, 33, 23, 19, 22, 22, 20, 23, 22, 20, 18, 21, 19, 21, 18, 19, 13, 16, 18, 15, 16, 15, 14, 15, 15, 17, 18, 15, 16, 16, 15, 15, 16, 14, 14, 15, 12, 14, 13, 16, 15, 15, 16, 14, 15, 14, 16, 13, 14, 15, 14, 14, 15, 15, 14, 14, 15, 13, 14, 13, 15, 15, 14, 15, 14, 14, 14, 14, 15, 14, 15, 14, 13, 14, 14, 15, 14, 15, 14, 14, 14, 15, 14, 14, 13, 14, 13, 14, 15, 14, 13, 15, 14, 13, 14, 15, 14] 

