Reward: [0, 67, 69, 63, 64, 60, 75, 84, 79, 75, 80, 83, 81, 79, 87, 85, 91, 92, 95, 94, 97, 92, 90, 95, 96, 98, 96, 98, 96, 97, 99, 99, 95, 98, 99, 98, 100, 99, 100, 99, 99, 99, 99, 100, 98, 100, 100, 100, 100, 100, 99, 100, 100, 100, 100, 100, 100, 100, 100, 100, 100, 98, 98, 100, 100, 100, 100, 100, 100, 100, 100, 100, 100, 100, 100, 100, 100, 100, 100, 100, 100, 100, 100, 100, 100, 100, 100, 100, 100, 100, 100, 100, 100, 100, 99, 86, 100, 100, 99, 100]
Sensing Errors: [0, 0, 0, 0, 0, 0, 0, 0, 0, 0, 0, 0, 0, 0, 0, 0, 0, 0, 0, 0, 0, 0, 0, 0, 0, 0, 0, 0, 0, 0, 0, 0, 0, 0, 0, 0, 0, 0, 0, 0, 0, 0, 0, 0, 0, 0, 0, 0, 0, 0, 0, 0, 0, 0, 0, 0, 0, 0, 0, 0, 0, 0, 0, 0, 0, 0, 0, 0, 0, 0, 0, 0, 0, 0, 0, 0, 0, 0, 0, 0, 0, 0, 0, 0, 0, 0, 0, 0, 0, 0, 0, 0, 0, 0, 0, 0, 0, 0, 0, 0]
Packet Errors: [0, 0, 0, 0, 0, 0, 0, 0, 0, 0, 0, 0, 0, 0, 0, 0, 0, 0, 0, 0, 0, 0, 0, 0, 0, 0, 0, 0, 0, 0, 0, 0, 0, 0, 0, 0, 0, 0, 0, 0, 0, 0, 0, 0, 0, 0, 0, 0, 0, 0, 0, 0, 0, 0, 0, 0, 0, 0, 0, 0, 0, 0, 0, 0, 0, 0, 0, 0, 0, 0, 0, 0, 0, 0, 0, 0, 0, 0, 0, 0, 0, 0, 0, 0, 0, 0, 0, 0, 0, 0, 0, 0, 0, 0, 0, 0, 0, 0, 0, 0]

Reward: [0, 67, 61, 67, 65, 68, 73, 71, 84, 77, 82, 87, 87, 81, 89, 92, 90, 91, 90, 93, 90, 93, 91, 96, 96, 97, 96, 95, 98, 97, 96, 98, 98, 99, 99, 98, 100, 100, 100, 100, 99, 100, 96, 100, 100, 100, 100, 99, 99, 100, 100, 100, 99, 100, 100, 100, 100, 100, 100, 100, 100, 100, 99, 99, 100, 100, 100, 100, 100, 100, 100, 100, 100, 100, 100, 100, 100, 100, 100, 100, 100, 100, 100, 100, 100, 100, 100, 100, 100, 100, 100, 100, 100, 100, 100, 100, 100, 100, 100, 100]
Sensing Errors: [0, 0, 0, 0, 0, 0, 0, 0, 0, 0, 0, 0, 0, 0, 0, 0, 0, 0, 0, 0, 0, 0, 0, 0, 0, 0, 0, 0, 0, 0, 0, 0, 0, 0, 0, 0, 0, 0, 0, 0, 0, 0, 0, 0, 0, 0, 0, 0, 0, 0, 0, 0, 0, 0, 0, 0, 0, 0, 0, 0, 0, 0, 0, 0, 0, 0, 0, 0, 0, 0, 0, 0, 0, 0, 0, 0, 0, 0, 0, 0, 0, 0, 0, 0, 0, 0, 0, 0, 0, 0, 0, 0, 0, 0, 0, 0, 0, 0, 0, 0]
Packet Errors: [0, 0, 0, 0, 0, 0, 0, 0, 0, 0, 0, 0, 0, 0, 0, 0, 0, 0, 0, 0, 0, 0, 0, 0, 0, 0, 0, 0, 0, 0, 0, 0, 0, 0, 0, 0, 0, 0, 0, 0, 0, 0, 0, 0, 0, 0, 0, 0, 0, 0, 0, 0, 0, 0, 0, 0, 0, 0, 0, 0, 0, 0, 0, 0, 0, 0, 0, 0, 0, 0, 0, 0, 0, 0, 0, 0, 0, 0, 0, 0, 0, 0, 0, 0, 0, 0, 0, 0, 0, 0, 0, 0, 0, 0, 0, 0, 0, 0, 0, 0]

6.5 inches apart
Reward: [0, 81, 83, 76, 81, 80, 86, 79, 87, 90, 91, 86, 85, 92, 90, 94, 97, 96, 96, 93, 94, 95, 92, 93, 93, 95, 97, 99, 96, 97, 98, 98, 100, 100, 99, 99, 98, 99, 99, 100, 100, 99, 100, 98, 100, 100, 100, 100, 100, 100, 99, 99, 100, 100, 100, 99, 100, 100, 100, 100, 98, 97, 100, 100, 100, 100, 100, 99, 100, 100, 99, 100, 100, 100, 100, 100, 100, 100, 100, 100, 100, 100, 100, 100, 100, 100, 100, 100, 100, 100, 99, 100, 100, 100, 100, 100, 98, 99, 100, 98]
Sensing Errors: [0, 4, 0, 2, 0, 2, 1, 0, 1, 1, 1, 1, 1, 0, 0, 1, 0, 1, 0, 1, 0, 0, 0, 0, 0, 1, 0, 0, 0, 0, 1, 1, 1, 0, 0, 0, 0, 0, 1, 0, 0, 0, 0, 0, 0, 0, 0, 0, 0, 0, 0, 0, 0, 0, 0, 0, 0, 0, 0, 0, 0, 0, 0, 0, 0, 0, 0, 0, 0, 0, 0, 0, 0, 0, 0, 0, 0, 0, 0, 0, 0, 0, 0, 1, 0, 0, 0, 0, 0, 0, 0, 0, 0, 0, 0, 0, 0, 0, 0, 0]
Packet Errors: [0, 4, 3, 0, 2, 4, 2, 1, 1, 2, 2, 1, 4, 0, 0, 2, 0, 1, 1, 0, 0, 0, 0, 0, 0, 1, 0, 0, 0, 1, 0, 0, 0, 0, 0, 0, 0, 0, 0, 0, 0, 0, 0, 1, 0, 0, 0, 0, 0, 0, 0, 0, 0, 0, 0, 0, 0, 0, 0, 0, 0, 0, 0, 0, 0, 0, 0, 0, 0, 0, 0, 0, 0, 0, 0, 0, 0, 0, 0, 0, 0, 0, 0, 0, 0, 0, 0, 0, 0, 0, 0, 0, 0, 0, 0, 0, 0, 0, 0, 1]

19.5 inches apart
Reward: [0, 80, 76, 77, 78, 77, 81, 89, 91, 89, 91, 94, 89, 90, 90, 95, 90, 97, 97, 97, 98, 98, 92, 99, 97, 98, 97, 98, 100, 99, 99, 96, 97, 98, 97, 97, 98, 100, 95, 100, 97, 100, 100, 100, 100, 100, 98, 100, 100, 99, 100, 100, 100, 100, 100, 100, 100, 100, 99, 100, 100, 100, 100, 100, 99, 100, 100, 100, 100, 100, 100, 100, 100, 100, 100, 100, 100, 100, 100, 100, 100, 100, 100, 100, 100, 100, 100, 99, 99, 100, 97, 98, 99, 100, 99, 100, 100, 100, 100, 100]
Sensing Errors: [0, 6, 4, 9, 2, 5, 2, 3, 6, 4, 1, 2, 2, 4, 2, 3, 1, 1, 4, 1, 6, 0, 2, 2, 0, 0, 1, 3, 2, 0, 0, 1, 1, 0, 1, 0, 1, 0, 1, 0, 0, 14, 15, 14, 14, 14, 12, 0, 0, 0, 0, 0, 0, 0, 0, 0, 0, 0, 0, 0, 0, 0, 0, 0, 0, 14, 14, 15, 14, 14, 15, 14, 14, 14, 14, 14, 14, 15, 14, 14, 14, 15, 14, 14, 15, 13, 14, 14, 1, 0, 0, 1, 14, 15, 14, 29, 28, 29, 29, 28]
Packet Errors: [0, 1, 1, 3, 0, 1, 1, 0, 3, 0, 0, 1, 3, 3, 0, 1, 2, 0, 0, 1, 0, 0, 0, 0, 0, 0, 0, 0, 0, 0, 0, 1, 0, 0, 0, 0, 0, 0, 1, 0, 2, 0, 0, 0, 0, 1, 1, 0, 0, 0, 0, 0, 0, 0, 0, 0, 0, 0, 0, 0, 0, 0, 0, 0, 0, 0, 0, 0, 0, 0, 0, 0, 0, 0, 0, 0, 0, 0, 0, 0, 0, 0, 0, 0, 0, 0, 0, 0, 0, 0, 0, 0, 0, 0, 1, 0, 0, 0, 0, 0]

19.5 incheas apart
Reward: [0, 78, 74, 69, 68, 76, 86, 79, 85, 85, 87, 89, 89, 87, 92, 90, 95, 98, 92, 92, 91, 91, 98, 97, 92, 92, 88, 97, 98, 97, 98, 99, 98, 100, 99, 99, 100, 99, 98, 100, 100, 98, 97, 98, 99, 100, 97, 98, 100, 100, 99, 99, 97, 100, 100, 100, 100, 100, 99, 100, 100, 100, 97, 100, 100, 100, 100, 100, 100, 99, 100, 100, 100, 100, 99, 100, 100, 100, 99, 100, 100, 100, 99, 99, 98, 97, 95, 100, 98, 100, 97, 96, 100, 99, 96, 98, 98, 98, 100, 100]
Sensing Errors: [0, 0, 0, 0, 0, 0, 0, 0, 0, 0, 0, 0, 0, 0, 0, 0, 0, 0, 0, 0, 0, 0, 0, 0, 0, 0, 0, 0, 0, 0, 0, 0, 0, 0, 0, 0, 0, 0, 0, 0, 0, 0, 0, 0, 0, 0, 0, 0, 0, 0, 0, 0, 0, 0, 0, 0, 0, 0, 0, 0, 0, 0, 0, 0, 0, 0, 0, 0, 0, 0, 0, 0, 0, 0, 0, 0, 0, 0, 0, 0, 0, 0, 0, 0, 0, 0, 0, 0, 0, 0, 0, 0, 0, 0, 0, 0, 0, 0, 0, 0]
Packet Errors: [0, 2, 2, 0, 2, 0, 1, 2, 2, 1, 2, 0, 2, 1, 0, 0, 1, 0, 2, 2, 0, 0, 1, 0, 0, 0, 1, 0, 0, 1, 0, 0, 0, 0, 0, 0, 0, 0, 0, 0, 0, 2, 2, 1, 0, 0, 3, 2, 0, 0, 0, 0, 2, 0, 0, 0, 0, 0, 0, 0, 0, 0, 2, 0, 0, 0, 0, 0, 0, 0, 0, 0, 0, 0, 0, 0, 0, 0, 1, 0, 0, 0, 1, 0, 0, 0, 1, 0, 1, 0, 1, 1, 0, 0, 2, 0, 1, 0, 0, 0]

32.5 inches apart
Reward: [0, 53, 55, 46, 44, 45, 47, 51, 52, 51, 45, 59, 74, 70, 81, 66, 88, 83, 68, 84, 84, 84, 85, 91, 92, 91, 88, 93, 88, 87, 92, 94, 91, 98, 93, 97, 91, 98, 98, 99, 99, 98, 96, 98, 99, 98, 99, 86, 82, 98, 96, 86, 83, 84, 83, 64, 83, 85, 96, 96, 97, 61, 87, 80, 77, 77, 82, 81, 80, 85, 76, 80, 83, 84, 83, 77, 69, 89, 82, 94, 88, 87, 93, 92, 77, 83, 80, 80, 80, 80, 76, 81, 79, 82, 80, 82, 85, 99, 100, 100]
Sensing Errors: [0, 0, 0, 0, 0, 0, 0, 0, 0, 0, 0, 0, 0, 0, 0, 0, 0, 0, 0, 0, 0, 0, 0, 0, 0, 0, 0, 0, 0, 0, 0, 0, 0, 0, 0, 0, 0, 0, 0, 0, 0, 0, 0, 0, 0, 0, 0, 0, 0, 0, 0, 0, 0, 0, 0, 0, 0, 0, 0, 0, 0, 0, 0, 0, 0, 0, 0, 0, 0, 0, 0, 0, 0, 0, 0, 0, 0, 0, 0, 0, 0, 0, 0, 0, 0, 0, 0, 0, 0, 0, 0, 0, 0, 0, 0, 0, 0, 0, 0, 0]
Packet Errors: [0, 2, 3, 4, 4, 6, 4, 5, 5, 2, 5, 3, 2, 4, 1, 1, 0, 2, 2, 0, 5, 0, 0, 1, 1, 2, 4, 6, 6, 2, 1, 1, 0, 0, 1, 0, 1, 0, 0, 0, 0, 0, 0, 0, 0, 0, 0, 0, 1, 0, 0, 0, 0, 0, 0, 0, 0, 0, 0, 0, 0, 0, 0, 0, 1, 0, 0, 0, 0, 0, 0, 0, 0, 0, 0, 0, 0, 0, 0, 0, 0, 0, 0, 0, 0, 0, 0, 0, 0, 0, 0, 0, 0, 0, 0, 0, 1, 0, 0, 0]

65 inches apart
Reward: [0, 71, 60, 72, 73, 67, 71, 85, 80, 88, 84, 80, 79, 82, 81, 91, 93, 92, 90, 94, 86, 86, 93, 99, 91, 96, 97, 95, 97, 97, 97, 95, 99, 98, 98, 100, 99, 98, 98, 95, 99, 100, 96, 100, 100, 99, 99, 100, 99, 98, 98, 100, 99, 99, 100, 100, 100, 100, 99, 98, 91, 98, 97, 98, 98, 98, 99, 100, 98, 96, 97, 97, 99, 97, 97, 97, 92, 77, 98, 96, 99, 100, 98, 99, 98, 96, 82, 97, 99, 99, 100, 99, 97, 98, 100, 97, 99, 99, 98, 83]
Sensing Errors: [0, 1, 1, 4, 1, 1, 1, 4, 0, 1, 2, 4, 3, 3, 3, 1, 3, 1, 2, 1, 1, 6, 5, 9, 9, 10, 10, 10, 9, 13, 7, 9, 12, 7, 11, 14, 13, 13, 14, 13, 13, 14, 12, 14, 13, 12, 14, 14, 13, 13, 14, 14, 13, 15, 14, 14, 14, 15, 14, 14, 15, 0, 14, 14, 15, 0, 0, 0, 0, 0, 14, 15, 14, 14, 15, 7, 1, 0, 7, 7, 7, 8, 7, 7, 7, 7, 7, 1, 0, 0, 0, 0, 0, 0, 0, 0, 1, 0, 0, 1]
Packet Errors: [0, 0, 1, 1, 0, 0, 0, 0, 0, 0, 0, 0, 1, 0, 0, 0, 0, 0, 0, 0, 2, 0, 0, 0, 1, 0, 0, 0, 2, 0, 0, 0, 0, 1, 0, 0, 0, 0, 0, 0, 0, 0, 0, 0, 0, 0, 0, 0, 0, 0, 0, 0, 0, 0, 0, 0, 0, 0, 0, 0, 0, 0, 0, 0, 0, 0, 0, 0, 0, 0, 0, 0, 0, 0, 0, 0, 1, 0, 0, 0, 0, 0, 0, 0, 0, 0, 0, 0, 0, 0, 0, 0, 0, 0, 0, 0, 1, 0, 0, 0]

Reward: [0, 75, 67, 75, 75, 85, 83, 84, 84, 90, 88, 87, 88, 90, 91, 91, 96, 92, 95, 94, 96, 95, 98, 95, 98, 99, 98, 98, 94, 94, 95, 97, 98, 97, 98, 97, 83, 92, 93, 97, 93, 95, 91, 100, 100, 100, 99, 100, 100, 100, 100, 100, 97, 100, 100, 100, 100, 100, 99, 97, 100, 100, 100, 99, 96, 100, 100, 100, 100, 100, 100, 100, 100, 100, 100, 100, 100, 100, 100, 99, 100, 100, 100, 100, 100, 100, 100, 100, 100, 100, 100, 99, 95, 94, 89, 100, 100, 100, 100, 100]
Sensing Errors: [0, 2, 2, 2, 2, 2, 1, 1, 1, 3, 1, 0, 0, 1, 3, 1, 1, 2, 1, 3, 2, 2, 1, 1, 1, 0, 1, 1, 0, 1, 0, 1, 0, 0, 0, 0, 0, 0, 0, 0, 1, 0, 7, 0, 0, 0, 0, 0, 0, 0, 0, 0, 1, 0, 0, 0, 0, 0, 1, 1, 0, 0, 0, 0, 0, 0, 0, 0, 0, 0, 0, 0, 0, 0, 0, 0, 0, 0, 0, 0, 0, 0, 0, 0, 0, 0, 0, 0, 0, 0, 0, 0, 0, 0, 0, 0, 0, 0, 0, 0]
Packet Errors: [0, 2, 2, 1, 2, 1, 1, 0, 1, 1, 0, 2, 1, 0, 2, 0, 1, 1, 2, 0, 0, 0, 0, 0, 0, 0, 1, 0, 0, 1, 0, 0, 0, 1, 0, 0, 0, 0, 0, 0, 0, 1, 0, 0, 0, 0, 0, 0, 0, 0, 0, 0, 0, 0, 0, 0, 0, 0, 0, 1, 0, 0, 0, 0, 3, 0, 0, 0, 0, 0, 0, 0, 0, 0, 0, 0, 0, 0, 0, 0, 0, 0, 0, 0, 0, 0, 0, 0, 0, 0, 0, 0, 2, 3, 9, 0, 0, 0, 0, 0]

6.5 inches apart, changing interference profile
Reward: [0, 82, 75, 73, 77, 76, 81, 84, 84, 80, 86, 86, 90, 81, 81, 84, 79, 83, 93, 93, 92, 99, 88, 99, 97, 96, 99, 98, 97, 100, 100, 65, 70, 80, 75, 76, 72, 77, 77, 83, 85, 89, 91, 95, 90, 91, 94, 89, 87, 91, 88, 97, 94, 98, 93, 93, 97, 97, 96, 99, 96, 100, 98, 97, 80, 99, 95, 99, 78, 100, 98, 98, 100, 94, 98, 100, 99, 99, 99, 100, 100, 100, 95, 84, 89, 70, 100, 98, 82, 86, 97, 91, 100, 100, 99, 100, 99, 98, 100, 99]
Sensing Errors: [0, 0, 0, 0, 0, 0, 0, 0, 0, 0, 0, 0, 0, 0, 0, 0, 0, 0, 0, 0, 0, 0, 0, 0, 0, 0, 0, 0, 0, 0, 0, 0, 0, 0, 0, 0, 0, 0, 0, 0, 0, 0, 0, 0, 0, 0, 0, 0, 0, 0, 0, 0, 0, 0, 0, 0, 0, 0, 0, 0, 0, 0, 0, 0, 0, 0, 0, 0, 0, 0, 0, 0, 0, 0, 0, 0, 0, 0, 0, 0, 0, 0, 0, 0, 0, 0, 0, 0, 0, 0, 0, 0, 0, 0, 0, 0, 0, 0, 0, 0]
Packet Errors: [0, 0, 3, 1, 3, 3, 2, 2, 3, 0, 1, 1, 0, 1, 0, 0, 1, 3, 0, 1, 0, 0, 0, 0, 0, 0, 0, 0, 0, 0, 0, 3, 2, 1, 1, 1, 1, 2, 0, 0, 0, 1, 1, 1, 0, 0, 0, 0, 0, 0, 0, 0, 0, 0, 1, 0, 0, 0, 0, 0, 0, 0, 0, 0, 0, 0, 0, 0, 1, 0, 0, 0, 0, 0, 1, 0, 0, 0, 0, 0, 0, 0, 0, 0, 0, 3, 0, 0, 0, 2, 0, 0, 0, 0, 0, 0, 0, 0, 0, 0]

6.5 inches apart, showing when sensing goes wrong
Reward: [0, 78, 74, 65, 79, 63, 54, 75, 78, 88, 89, 89, 96, 68, 82, 74, 91, 93, 82, 82, 86, 96, 30, 89, 42, 39, 77, 32, 88, 98, 73, 89, 66, 86, 98, 70, 60, 74, 96, 52, 48, 87, 60, 56, 76, 75, 81, 92, 66, 21, 53, 37, 42, 61, 71, 86, 59, 3, 71, 66, 67, 67, 80, 93, 33, 61, 75, 98, 91, 84, 75, 68, 73, 58, 45, 100, 96, 53, 23, 96, 45, 18, 75, 98, 99, 95, 17, 48, 63, 75, 47, 52, 64, 35, 37, 66, 53, 58, 66, 99]
Sensing Errors: [0, 2, 0, 0, 0, 2, 0, 2, 0, 2, 3, 1, 7, 4, 6, 0, 1, 3, 5, 5, 3, 1, 0, 3, 0, 0, 1, 4, 7, 10, 12, 13, 0, 0, 0, 0, 0, 0, 0, 0, 0, 0, 0, 0, 14, 8, 0, 0, 0, 0, 0, 0, 0, 0, 0, 0, 0, 0, 0, 0, 7, 0, 13, 0, 0, 0, 0, 0, 0, 0, 0, 0, 0, 0, 11, 14, 15, 14, 0, 0, 0, 0, 0, 0, 0, 0, 0, 0, 0, 14, 0, 0, 0, 0, 0, 0, 0, 0, 0, 0]
Packet Errors: [0, 2, 1, 9, 4, 12, 18, 3, 4, 4, 0, 2, 1, 11, 2, 4, 0, 1, 7, 5, 4, 0, 17, 3, 18, 21, 10, 18, 3, 0, 8, 2, 5, 4, 1, 2, 8, 7, 0, 11, 5, 4, 9, 8, 11, 8, 4, 3, 8, 23, 11, 18, 28, 8, 8, 2, 19, 28, 11, 10, 12, 11, 9, 2, 17, 9, 7, 0, 3, 4, 2, 5, 5, 8, 15, 0, 1, 12, 8, 0, 15, 29, 11, 0, 0, 1, 25, 12, 13, 10, 22, 15, 14, 14, 25, 11, 14, 10, 10, 1]

6.5 inches apart, 900 zeros
Reward: [0, 9, 8, 11, 8, 10, 4, 5, 9, 8, 8, 6, 6, 4, 13, 12, 13, 21, 19, 16, 13, 14, 16, 11, 11, 2, 23, 10, 9, 32, 34, 15, 6, 25, 17, 16, 13, 16, 15, 16, 26, 3, 9, 21, 5, 14, 26, 42, 28, 40, 39, 29, 42, 44, 42, 43, 43, 43, 42, 43, 44, 28, 29, 29, 28, 28, 28, 28, 28, 29, 29, 28, 28, 30, 26, 29, 30, 29, 28, 28, 29, 29, 28, 29, 29, 28, 8, 4, 18, 16, 16, 3, 23, 45, 43, 44, 45, 44, 46, 44]
Sensing Errors: [0, 46, 39, 48, 41, 40, 43, 36, 44, 40, 37, 46, 42, 43, 47, 49, 48, 42, 31, 36, 37, 36, 44, 35, 42, 47, 31, 46, 42, 46, 40, 53, 39, 41, 27, 41, 46, 44, 58, 54, 56, 57, 49, 30, 53, 49, 32, 29, 42, 30, 31, 30, 28, 28, 29, 29, 28, 29, 29, 28, 28, 43, 43, 43, 43, 43, 41, 44, 43, 43, 43, 43, 43, 42, 43, 43, 43, 43, 43, 43, 42, 43, 43, 44, 44, 45, 43, 47, 43, 31, 43, 0, 32, 14, 14, 14, 15, 14, 14, 15]
Packet Errors: [0, 24, 22, 28, 24, 27, 25, 26, 26, 23, 26, 27, 22, 23, 24, 23, 25, 22, 17, 26, 24, 23, 24, 31, 29, 29, 19, 28, 27, 18, 18, 13, 25, 6, 31, 17, 23, 17, 0, 6, 16, 35, 18, 28, 31, 30, 28, 29, 27, 28, 28, 29, 28, 29, 29, 28, 28, 29, 29, 28, 28, 29, 28, 28, 29, 29, 28, 29, 29, 28, 28, 29, 29, 27, 29, 28, 27, 28, 29, 29, 28, 29, 29, 26, 0, 2, 29, 24, 15, 15, 28, 28, 30, 30, 28, 30, 31, 28, 30, 31]

32.5 inches apart, low power (42 42 650)
Reward: [0, 62, 74, 65, 77, 75, 81, 65, 73, 83, 83, 80, 85, 78, 90, 90, 94, 83, 92, 91, 96, 94, 96, 95, 97, 90, 87, 93, 84, 85, 98, 98, 99, 98, 98, 96, 98, 99, 98, 93, 99, 97, 99, 100, 100, 100, 100, 100, 98, 98, 99, 100, 99, 100, 100, 100, 96, 82, 97, 97, 96, 92, 91, 92, 93, 93, 93, 92, 99, 100, 100, 100, 100, 100, 100, 100, 100, 99, 100, 100, 99, 100, 100, 100, 100, 99, 100, 100, 100, 100, 100, 100, 100, 100, 100, 100, 98, 100, 100, 99]
Sensing Errors: [0, 2, 2, 1, 0, 4, 2, 0, 1, 0, 0, 1, 0, 0, 0, 0, 0, 1, 2, 1, 0, 0, 1, 0, 1, 0, 1, 0, 0, 0, 0, 0, 0, 0, 0, 0, 0, 0, 0, 0, 0, 0, 0, 0, 0, 0, 0, 0, 0, 0, 0, 0, 0, 0, 0, 0, 0, 0, 0, 0, 0, 0, 0, 0, 0, 0, 0, 0, 0, 0, 0, 0, 0, 0, 0, 0, 0, 0, 0, 0, 0, 0, 0, 0, 0, 0, 0, 0, 0, 0, 0, 0, 0, 0, 0, 0, 0, 0, 0, 0]
Packet Errors: [0, 2, 0, 0, 1, 1, 2, 3, 6, 3, 4, 6, 3, 3, 0, 0, 0, 1, 1, 0, 2, 0, 0, 0, 2, 0, 0, 0, 0, 0, 0, 0, 0, 0, 0, 0, 1, 0, 0, 0, 0, 0, 0, 0, 0, 0, 0, 0, 0, 0, 0, 0, 0, 0, 0, 0, 0, 3, 0, 0, 0, 0, 0, 0, 0, 0, 0, 0, 0, 0, 0, 0, 0, 0, 0, 0, 0, 0, 0, 0, 1, 0, 0, 0, 0, 0, 0, 0, 0, 0, 0, 0, 0, 0, 0, 0, 0, 0, 0, 0]

32.5 inches apart, high power (66 66 3.5)
Reward: [0, 77, 82, 66, 74, 81, 84, 79, 94, 87, 94, 92, 94, 90, 94, 93, 98, 87, 94, 91, 97, 91, 87, 85, 97, 96, 96, 94, 97, 97, 98, 94, 98, 98, 93, 96, 96, 93, 100, 90, 98, 95, 99, 100, 98, 95, 98, 99, 99, 93, 97, 100, 99, 100, 100, 98, 99, 99, 100, 98, 100, 100, 100, 100, 100, 97, 99, 100, 100, 99, 99, 99, 97, 100, 99, 100, 100, 100, 100, 100, 100, 99, 100, 100, 100, 99, 99, 100, 100, 100, 100, 100, 100, 100, 100, 99, 99, 100, 100, 100]
Sensing Errors: [0, 4, 1, 0, 2, 2, 3, 0, 3, 3, 6, 5, 6, 4, 4, 9, 3, 5, 3, 1, 0, 1, 0, 8, 1, 2, 0, 0, 1, 1, 0, 0, 0, 0, 0, 1, 0, 0, 0, 0, 0, 0, 0, 0, 0, 0, 1, 0, 0, 0, 0, 0, 0, 0, 0, 0, 0, 0, 0, 0, 0, 0, 0, 0, 0, 0, 0, 0, 0, 0, 0, 0, 0, 0, 0, 0, 0, 0, 0, 0, 0, 0, 0, 0, 0, 0, 0, 0, 0, 0, 0, 0, 0, 0, 0, 0, 0, 0, 0, 0]
Packet Errors: [0, 3, 4, 1, 6, 4, 4, 5, 3, 2, 2, 2, 2, 4, 2, 2, 1, 5, 3, 4, 0, 3, 4, 0, 1, 0, 1, 3, 1, 0, 1, 2, 1, 1, 2, 3, 1, 4, 0, 5, 2, 2, 0, 0, 1, 2, 0, 0, 1, 2, 1, 0, 0, 0, 0, 1, 1, 0, 0, 1, 0, 0, 0, 0, 0, 1, 0, 0, 0, 0, 1, 0, 1, 0, 1, 0, 0, 0, 0, 0, 0, 0, 0, 0, 0, 0, 0, 0, 0, 0, 0, 0, 0, 0, 0, 1, 0, 0, 0, 0]

65 inches apart, low power (44 44 650)
Reward: [0, 64, 62, 64, 64, 64, 67, 70, 66, 80, 63, 68, 70, 81, 85, 86, 84, 85, 70, 67, 76, 72, 57, 72, 75, 84, 76, 84, 78, 95, 90, 78, 97, 97, 95, 98, 99, 97, 92, 77, 95, 95, 96, 92, 94, 93, 100, 95, 97, 93, 95, 96, 97, 96, 91, 91, 88, 76, 91, 95, 97, 94, 90, 94, 90, 87, 73, 76, 67, 77, 94, 94, 91, 84, 86, 81, 70, 72, 88, 94, 87, 92, 92, 89, 91, 98, 97, 98, 99, 92, 90, 86, 83, 98, 94, 67, 69, 85, 85, 86]
Sensing Errors: [0, 0, 0, 0, 0, 0, 0, 0, 0, 0, 0, 0, 0, 0, 0, 0, 0, 0, 0, 0, 0, 0, 0, 0, 0, 0, 0, 0, 0, 0, 0, 0, 0, 0, 0, 0, 0, 0, 0, 0, 0, 0, 0, 0, 0, 0, 0, 0, 0, 0, 0, 0, 0, 0, 0, 0, 0, 0, 0, 0, 0, 0, 0, 0, 0, 0, 0, 0, 0, 0, 0, 0, 0, 0, 0, 0, 0, 0, 0, 0, 0, 0, 0, 0, 0, 0, 0, 0, 0, 0, 0, 0, 0, 0, 0, 0, 0, 0, 0, 0]
Packet Errors: [0, 0, 0, 0, 4, 0, 0, 0, 0, 0, 0, 0, 0, 0, 0, 0, 0, 0, 0, 0, 0, 0, 0, 0, 0, 0, 0, 0, 0, 0, 0, 0, 0, 0, 0, 0, 0, 0, 0, 0, 0, 0, 0, 0, 0, 0, 0, 0, 0, 0, 0, 0, 0, 0, 0, 0, 0, 0, 0, 0, 0, 0, 0, 0, 0, 0, 0, 0, 0, 0, 0, 0, 0, 0, 0, 0, 0, 0, 0, 0, 0, 0, 0, 0, 0, 0, 0, 0, 0, 0, 0, 0, 0, 0, 0, 0, 0, 0, 0, 0]

65 inches apart, high power (68 68 3.2)
Reward: [0, 75, 80, 76, 70, 80, 83, 82, 85, 87, 89, 88, 93, 94, 91, 93, 94, 97, 89, 99, 95, 97, 97, 97, 98, 98, 98, 99, 98, 99, 100, 100, 99, 100, 99, 99, 99, 99, 100, 100, 100, 100, 100, 100, 96, 100, 99, 100, 100, 100, 100, 100, 100, 100, 100, 100, 99, 100, 100, 100, 99, 100, 99, 100, 100, 100, 100, 100, 100, 100, 99, 100, 97, 100, 100, 100, 100, 100, 100, 100, 100, 100, 100, 100, 98, 100, 100, 100, 100, 100, 100, 100, 100, 100, 100, 98, 100, 100, 100, 99]
Sensing Errors: [0, 0, 0, 0, 0, 0, 0, 0, 0, 0, 0, 0, 0, 0, 0, 0, 0, 0, 0, 0, 0, 0, 0, 0, 0, 0, 0, 0, 0, 0, 0, 0, 0, 0, 0, 0, 0, 0, 0, 0, 0, 0, 0, 0, 0, 0, 0, 0, 0, 0, 0, 0, 0, 0, 0, 0, 0, 0, 0, 0, 0, 0, 0, 0, 0, 0, 0, 0, 0, 0, 0, 0, 0, 0, 0, 0, 0, 0, 0, 0, 0, 0, 0, 0, 0, 0, 0, 0, 0, 0, 0, 0, 0, 0, 0, 0, 0, 0, 0, 0]
Packet Errors: [0, 3, 1, 1, 3, 2, 2, 0, 0, 2, 2, 1, 0, 2, 2, 0, 0, 1, 0, 1, 0, 0, 0, 0, 0, 0, 0, 0, 0, 0, 0, 0, 0, 0, 0, 0, 0, 0, 0, 0, 0, 0, 0, 0, 0, 0, 1, 0, 0, 0, 0, 0, 0, 0, 0, 0, 0, 0, 0, 0, 0, 0, 0, 0, 0, 0, 0, 0, 0, 0, 0, 0, 0, 0, 0, 0, 0, 0, 0, 0, 0, 0, 0, 0, 0, 0, 0, 0, 0, 0, 0, 0, 0, 0, 0, 0, 0, 0, 0, 0]

6.5 inches apart, high power (59 59 2.9)
Reward: [0, 80, 78, 81, 79, 77, 76, 83, 86, 88, 89, 84, 85, 90, 92, 92, 93, 98, 93, 99, 97, 97, 96, 97, 97, 97, 98, 97, 99, 98, 99, 99, 99, 98, 99, 100, 99, 100, 99, 100, 100, 100, 100, 98, 100, 100, 100, 99, 100, 100, 100, 100, 100, 99, 100, 100, 100, 100, 100, 100, 99, 100, 100, 100, 100, 100, 100, 100, 100, 100, 99, 100, 100, 100, 100, 100, 100, 100, 100, 100, 100, 100, 100, 100, 100, 100, 100, 100, 100, 100, 100, 100, 100, 100, 100, 100, 100, 100, 100, 100]
Sensing Errors: [0, 0, 0, 0, 0, 0, 0, 0, 0, 0, 0, 0, 0, 0, 0, 0, 0, 0, 0, 0, 0, 0, 0, 0, 0, 0, 0, 0, 0, 0, 0, 0, 0, 0, 0, 0, 0, 0, 0, 0, 0, 0, 0, 0, 0, 0, 0, 0, 0, 0, 0, 0, 0, 0, 0, 0, 0, 0, 0, 0, 0, 0, 0, 0, 0, 0, 0, 0, 0, 0, 0, 0, 0, 0, 0, 0, 0, 0, 0, 0, 0, 0, 0, 0, 0, 0, 0, 0, 0, 0, 0, 0, 0, 0, 0, 0, 0, 0, 0, 0]
Packet Errors: [0, 1, 1, 2, 1, 5, 2, 3, 2, 2, 0, 0, 3, 5, 0, 0, 2, 0, 1, 0, 0, 0, 0, 0, 0, 0, 0, 0, 0, 0, 1, 0, 0, 0, 0, 0, 0, 0, 0, 0, 0, 0, 0, 0, 0, 0, 0, 0, 0, 0, 0, 0, 0, 0, 0, 0, 0, 0, 0, 0, 0, 0, 0, 0, 0, 0, 0, 0, 0, 0, 0, 0, 0, 0, 0, 0, 0, 0, 0, 0, 0, 0, 0, 0, 0, 0, 0, 0, 0, 0, 0, 0, 0, 0, 0, 0, 0, 0, 0, 0]

Reward: [0, 74, 81, 72, 71, 78, 72, 86, 93, 89, 88, 95, 91, 95, 95, 96, 94, 96, 96, 94, 97, 95, 97, 99, 96, 97, 92, 96, 99, 100, 99, 99, 99, 100, 96, 100, 99, 100, 100, 100, 98, 71, 74, 83, 85, 94, 92, 98, 85, 80, 78, 81, 90, 92, 80, 90, 87, 95, 90, 91, 93, 96, 96, 92, 93, 97, 96, 96, 99, 95, 97, 97, 99, 97, 96, 98, 99, 99, 98, 98, 99, 99, 100, 99, 96, 100, 98, 100, 100, 100, 98, 99, 98, 87, 100, 87, 100, 100, 97, 100]
Sensing Errors: [0, 0, 0, 0, 0, 0, 0, 0, 0, 0, 0, 0, 0, 0, 0, 0, 0, 0, 0, 0, 0, 0, 0, 0, 0, 0, 0, 0, 0, 0, 0, 0, 0, 0, 0, 0, 0, 0, 0, 0, 0, 0, 3, 1, 0, 6, 6, 0, 4, 5, 5, 5, 4, 5, 3, 1, 3, 4, 2, 6, 2, 2, 2, 3, 2, 2, 2, 0, 0, 2, 0, 2, 0, 1, 1, 0, 0, 1, 0, 0, 0, 1, 0, 1, 0, 0, 0, 1, 0, 2, 0, 0, 0, 0, 0, 0, 0, 0, 0, 0]
Packet Errors: [0, 1, 1, 1, 2, 0, 1, 1, 0, 0, 0, 0, 1, 0, 0, 0, 0, 0, 0, 0, 0, 0, 0, 0, 0, 0, 1, 0, 0, 0, 0, 0, 0, 0, 0, 0, 1, 0, 0, 0, 0, 3, 5, 0, 0, 1, 1, 0, 1, 2, 2, 1, 0, 1, 4, 0, 0, 1, 0, 0, 0, 1, 0, 4, 1, 0, 0, 2, 0, 0, 1, 0, 0, 0, 2, 0, 0, 0, 2, 0, 0, 0, 0, 0, 0, 0, 0, 0, 0, 0, 0, 0, 0, 0, 0, 4, 0, 0, 0, 0]

Reward: [0, 77, 70, 79, 85, 83, 82, 83, 85, 86, 91, 92, 90, 90, 93, 97, 95, 95, 97, 95, 98, 99, 98, 95, 98, 99, 99, 99, 99, 97, 98, 99, 100, 99, 97, 99, 99, 98, 100, 98, 97, 99, 100, 100, 100, 100, 100, 100, 100, 99, 100, 100, 100, 100, 100, 100, 100, 100, 100, 100, 100, 100, 100, 100, 100, 100, 100, 100, 100, 100, 100, 100, 100, 100, 100, 100, 100, 100, 100, 100, 100, 100, 100, 100, 100, 100, 99, 100, 99, 100, 100, 100, 100, 100, 100, 100, 100, 100, 100, 100]
Sensing Errors: [0, 2, 2, 4, 2, 1, 4, 1, 1, 1, 1, 0, 1, 2, 1, 1, 3, 0, 2, 0, 0, 0, 1, 0, 1, 1, 0, 0, 0, 0, 0, 0, 0, 1, 0, 0, 0, 0, 0, 0, 1, 0, 0, 0, 0, 0, 0, 0, 0, 0, 0, 0, 0, 0, 0, 0, 0, 0, 0, 0, 0, 0, 0, 0, 0, 0, 0, 0, 0, 0, 0, 0, 0, 0, 0, 0, 0, 0, 0, 0, 0, 0, 0, 0, 0, 0, 1, 0, 0, 0, 0, 0, 0, 0, 0, 0, 0, 0, 0, 0]
Packet Errors: [0, 2, 1, 1, 1, 2, 2, 3, 0, 0, 1, 1, 0, 2, 0, 0, 3, 0, 0, 0, 0, 0, 0, 0, 0, 0, 0, 0, 0, 1, 0, 0, 0, 1, 0, 0, 1, 0, 0, 0, 0, 0, 0, 0, 0, 0, 0, 0, 0, 0, 0, 0, 0, 0, 0, 0, 0, 0, 0, 0, 0, 0, 0, 0, 0, 0, 0, 0, 0, 0, 0, 0, 0, 0, 0, 0, 0, 0, 0, 0, 0, 0, 0, 0, 0, 0, 0, 0, 1, 0, 0, 0, 0, 0, 0, 0, 0, 0, 0, 0]

Reward: [0, 47, 59, 48, 60, 35, 45, 50, 36, 47, 46, 31, 67, 29, 7, 3, 3, 16, 55, 52, 34, 11, 1, 34, 40, 10, 7, 43, 20, 46, 42, 13, 36, 20, 27, 67, 34, 8, 19, 12, 4, 28, 48, 63, 60, 69, 48, 56, 72, 74, 22, 36, 20, 46, 50, 54, 46, 58, 58, 55, 48, 58, 46, 57, 53, 2, 62, 67, 66, 58, 57, 56, 59, 56, 45, 59, 59, 62, 20, 38, 52, 48, 65, 26, 34, 52, 48, 54, 54, 32, 47, 48, 29, 59, 49, 43, 48, 48, 52, 61]
Sensing Errors: [0, 0, 0, 0, 0, 0, 0, 0, 0, 0, 0, 0, 0, 0, 0, 0, 0, 0, 0, 0, 0, 0, 0, 0, 0, 0, 0, 0, 0, 0, 0, 0, 0, 0, 0, 0, 0, 0, 0, 0, 0, 0, 0, 0, 0, 0, 0, 0, 0, 0, 0, 0, 0, 0, 0, 0, 0, 0, 0, 0, 0, 0, 0, 0, 0, 0, 0, 0, 0, 0, 0, 0, 0, 0, 0, 0, 0, 0, 0, 0, 0, 0, 0, 0, 0, 0, 0, 0, 0, 0, 0, 0, 0, 0, 0, 0, 0, 0, 0, 0]
Packet Errors: [0, 0, 5, 0, 0, 1, 10, 8, 3, 0, 0, 4, 5, 1, 1, 1, 1, 3, 2, 2, 4, 1, 0, 1, 0, 2, 4, 2, 4, 1, 1, 5, 2, 4, 5, 4, 3, 3, 4, 1, 1, 0, 0, 0, 0, 0, 1, 1, 0, 0, 0, 2, 1, 0, 2, 3, 7, 0, 3, 2, 0, 3, 1, 5, 2, 0, 0, 6, 6, 0, 4, 7, 0, 2, 6, 2, 2, 0, 10, 3, 4, 0, 0, 4, 1, 3, 0, 0, 0, 1, 2, 0, 2, 2, 10, 3, 1, 1, 0, 0]

Reward: [0, 63, 62, 62, 57, 63, 64, 70, 70, 69, 78, 88, 87, 86, 85, 92, 90, 88, 89, 84, 84, 86, 94, 91, 95, 91, 93, 96, 93, 100, 97, 98, 100, 97, 98, 98, 96, 99, 99, 97, 97, 100, 97, 96, 83, 96, 96, 97, 96, 97, 97, 99, 98, 99, 96, 96, 97, 98, 97, 83, 93, 78, 80, 95, 99, 98, 98, 97, 95, 99, 96, 97, 98, 97, 97, 98, 99, 97, 98, 94, 99, 98, 100, 100, 100, 99, 98, 96, 97, 98, 100, 98, 99, 96, 99, 98, 98, 94, 100, 100]
Sensing Errors: [0, 0, 0, 0, 0, 0, 0, 0, 0, 0, 0, 0, 0, 0, 0, 0, 0, 0, 0, 0, 0, 0, 0, 0, 0, 0, 0, 0, 0, 0, 0, 0, 0, 0, 0, 0, 0, 0, 0, 0, 0, 0, 0, 0, 0, 0, 0, 0, 0, 0, 0, 0, 0, 0, 0, 0, 0, 0, 0, 0, 0, 0, 0, 0, 0, 0, 0, 0, 0, 0, 0, 0, 0, 0, 0, 0, 0, 0, 0, 0, 0, 0, 0, 0, 0, 0, 0, 0, 0, 0, 0, 0, 0, 0, 0, 0, 0, 0, 0, 0]
Packet Errors: [0, 0, 0, 0, 0, 0, 0, 0, 0, 0, 0, 0, 0, 0, 0, 0, 0, 0, 0, 0, 0, 0, 0, 0, 0, 0, 0, 0, 0, 0, 0, 0, 0, 0, 0, 0, 0, 0, 0, 0, 0, 0, 0, 0, 0, 0, 0, 0, 0, 0, 0, 0, 0, 0, 0, 0, 0, 0, 0, 0, 0, 0, 0, 0, 0, 0, 0, 0, 0, 0, 0, 0, 0, 0, 0, 0, 0, 0, 0, 0, 0, 0, 0, 0, 0, 0, 0, 0, 0, 0, 0, 0, 0, 0, 0, 0, 0, 0, 0, 0]

Reward: [0, 68, 66, 73, 67, 79, 83, 84, 84, 82, 86, 88, 92, 92, 88, 93, 93, 88, 84, 93, 90, 88, 89, 92, 92, 81, 77, 96, 94, 83, 93, 78, 92, 95, 91, 96, 81, 95, 90, 80, 81, 76, 90, 98, 97, 100, 99, 98, 97, 98, 96, 98, 98, 97, 68, 98, 95, 99, 99, 95, 91, 80, 96, 85, 100, 100, 97, 98, 100, 91, 96, 87, 46, 34, 94, 82, 92, 91, 75, 65, 88, 42, 73, 72, 93, 73, 93, 89, 94, 97, 92, 93, 96, 99, 92, 98, 98, 98, 99, 99]
Sensing Errors: [0, 0, 0, 0, 0, 0, 0, 0, 0, 0, 0, 0, 0, 0, 0, 0, 0, 0, 0, 0, 0, 0, 0, 0, 0, 0, 0, 0, 0, 0, 0, 0, 0, 0, 0, 0, 0, 0, 0, 0, 0, 0, 0, 0, 0, 0, 0, 0, 0, 0, 0, 0, 0, 0, 0, 0, 0, 0, 0, 0, 0, 0, 0, 0, 0, 0, 0, 0, 0, 0, 0, 0, 0, 0, 0, 0, 0, 0, 0, 0, 0, 0, 0, 0, 0, 0, 0, 0, 0, 0, 0, 0, 0, 0, 0, 0, 0, 0, 0, 0]
Packet Errors: [0, 0, 0, 0, 0, 0, 0, 0, 0, 0, 0, 0, 0, 0, 0, 0, 0, 0, 0, 0, 0, 0, 0, 0, 0, 1, 0, 0, 0, 1, 0, 0, 0, 0, 0, 0, 1, 0, 0, 0, 0, 0, 0, 0, 0, 0, 0, 0, 0, 0, 0, 0, 0, 0, 0, 0, 0, 0, 0, 0, 0, 0, 0, 2, 0, 0, 0, 0, 0, 0, 0, 0, 1, 0, 0, 0, 0, 0, 0, 4, 0, 0, 1, 2, 0, 0, 0, 0, 0, 0, 0, 0, 0, 0, 0, 0, 0, 0, 0, 0]

Reward: [0, 71, 72, 68, 74, 71, 76, 76, 89, 88, 86, 94, 89, 96, 89, 93, 93, 94, 98, 95, 95, 94, 98, 97, 94, 98, 95, 96, 98, 98, 99, 98, 98, 99, 98, 98, 99, 100, 100, 100, 100, 100, 100, 99, 100, 100, 100, 100, 100, 100, 99, 100, 100, 100, 100, 100, 100, 100, 100, 100, 100, 100, 100, 100, 100, 99, 100, 100, 100, 100, 100, 100, 100, 100, 100, 100, 100, 100, 100, 100, 100, 100, 100, 100, 100, 100, 100, 100, 100, 100, 100, 100, 100, 100, 100, 100, 100, 100, 100, 100]
Sensing Errors: [0, 8, 12, 7, 8, 9, 12, 8, 10, 3, 5, 8, 5, 5, 7, 11, 6, 8, 4, 6, 7, 8, 8, 8, 7, 10, 11, 8, 8, 10, 11, 9, 10, 10, 11, 9, 10, 10, 9, 11, 10, 9, 9, 10, 10, 8, 10, 10, 9, 9, 10, 10, 9, 9, 10, 9, 8, 5, 4, 5, 5, 11, 9, 9, 10, 10, 9, 9, 10, 10, 9, 10, 9, 10, 9, 7, 6, 8, 5, 5, 5, 4, 5, 5, 5, 5, 4, 5, 5, 5, 4, 5, 8, 9, 9, 10, 10, 9, 9, 10]
Packet Errors: [0, 2, 4, 1, 2, 0, 1, 2, 1, 1, 2, 0, 0, 0, 1, 1, 1, 0, 1, 2, 0, 1, 0, 0, 0, 0, 1, 1, 0, 0, 0, 0, 0, 1, 0, 0, 0, 0, 0, 0, 0, 0, 0, 0, 0, 0, 0, 0, 0, 0, 0, 0, 0, 0, 0, 0, 0, 0, 0, 0, 0, 0, 0, 0, 0, 1, 0, 0, 0, 0, 0, 0, 0, 0, 0, 0, 0, 0, 0, 0, 0, 0, 0, 0, 0, 0, 0, 0, 0, 0, 0, 0, 0, 0, 0, 0, 0, 0, 0, 0]

Reward: [0, 73, 69, 72, 71, 76, 82, 83, 66, 65, 86, 82, 86, 78, 88, 82, 94, 88, 88, 92, 91, 91, 93, 94, 97, 96, 98, 94, 95, 97, 96, 96, 100, 99, 98, 100, 99, 87, 100, 98, 100, 96, 99, 96, 97, 96, 94, 100, 98, 100, 98, 95, 98, 99, 98, 93, 84, 98, 99, 100, 98, 98, 96, 98, 96, 98, 97, 90, 99, 80, 99, 99, 99, 96, 100, 98, 96, 97, 98, 99, 97, 97, 96, 95, 88, 96, 84, 81, 87, 91, 89, 85, 92, 93, 87, 76, 73, 78, 91, 88]
Sensing Errors: [0, 8, 8, 4, 12, 7, 6, 6, 7, 4, 14, 9, 6, 11, 10, 6, 6, 11, 7, 5, 8, 11, 11, 9, 9, 11, 9, 8, 15, 13, 14, 10, 14, 14, 14, 14, 13, 6, 15, 14, 14, 14, 10, 7, 14, 14, 9, 14, 14, 6, 4, 8, 8, 9, 10, 14, 6, 9, 6, 5, 4, 5, 5, 14, 14, 4, 5, 5, 4, 4, 10, 9, 9, 12, 8, 10, 5, 5, 5, 4, 5, 5, 14, 14, 15, 14, 14, 10, 8, 9, 10, 11, 14, 9, 11, 14, 9, 8, 11, 14]
Packet Errors: [0, 0, 3, 2, 1, 1, 2, 1, 5, 3, 0, 1, 2, 2, 1, 3, 1, 2, 0, 0, 0, 1, 0, 0, 0, 1, 0, 2, 0, 0, 3, 2, 0, 0, 0, 0, 0, 2, 0, 0, 0, 0, 0, 1, 0, 0, 4, 0, 0, 0, 0, 0, 1, 0, 2, 8, 5, 0, 0, 0, 2, 0, 0, 2, 4, 0, 0, 0, 0, 4, 0, 0, 0, 0, 0, 0, 1, 1, 0, 1, 1, 1, 2, 3, 5, 2, 4, 5, 0, 3, 1, 1, 1, 0, 2, 5, 0, 1, 0, 0]

Wired (23,23,525)
Reward: [0, 75, 73, 72, 73, 75, 72, 80, 80, 75, 86, 86, 87, 94, 94, 90, 92, 96, 94, 97, 97, 97, 95, 97, 99, 98, 99, 100, 95, 96, 99, 100, 100, 100, 98, 100, 100, 100, 100, 98, 98, 100, 100, 98, 98, 99, 100, 99, 100, 100, 100, 100, 100, 100, 100, 100, 100, 100, 100, 100, 100, 100, 100, 100, 100, 100, 100, 100, 100, 100, 99, 100, 100, 100, 100, 100, 100, 100, 100, 100, 100, 100, 100, 99, 100, 100, 100, 100, 100, 100, 100, 100, 100, 100, 100, 100, 100, 100, 99, 100]
Sensing Errors: [0, 0, 0, 0, 0, 0, 0, 0, 0, 0, 0, 0, 0, 0, 0, 0, 0, 0, 0, 0, 0, 0, 0, 0, 1, 0, 0, 0, 0, 0, 0, 0, 0, 0, 0, 0, 0, 0, 0, 0, 0, 0, 0, 0, 0, 0, 0, 0, 0, 0, 0, 0, 0, 0, 0, 0, 0, 0, 0, 0, 0, 0, 0, 0, 0, 0, 0, 0, 0, 0, 0, 0, 0, 0, 0, 0, 0, 0, 0, 0, 0, 0, 0, 0, 0, 0, 0, 0, 0, 0, 0, 0, 0, 0, 0, 0, 0, 0, 0, 0]
Packet Errors: [0, 0, 1, 0, 0, 0, 2, 1, 0, 0, 0, 0, 0, 0, 0, 0, 0, 0, 0, 0, 0, 1, 0, 0, 0, 0, 0, 0, 0, 0, 0, 0, 0, 0, 0, 0, 0, 0, 0, 0, 0, 0, 0, 0, 0, 0, 0, 0, 0, 0, 0, 0, 0, 0, 0, 0, 0, 0, 0, 0, 0, 0, 0, 0, 0, 0, 0, 0, 0, 0, 0, 0, 0, 0, 0, 0, 0, 0, 0, 0, 0, 0, 0, 0, 0, 0, 0, 0, 0, 0, 0, 0, 0, 0, 0, 0, 0, 0, 0, 0]

4 channels
Reward: [0, 55, 58, 64, 63, 75, 74, 65, 74, 81, 84, 89, 88, 90, 90, 89, 86, 87, 90, 94, 88, 89, 72, 95, 97, 96, 100, 95, 97, 97, 99, 98, 95, 100, 100, 98, 65, 97, 99, 100, 98, 99, 98, 97, 99, 99, 100, 99, 99, 100, 100, 100, 98, 100, 100, 100, 98, 100, 99, 100, 100, 100, 100, 99, 100, 99, 100, 100, 100, 99, 100, 100, 99, 100, 100, 99, 100, 99, 100, 100, 100, 100, 100, 100, 99, 100, 100, 100, 99, 100, 100, 100, 100, 100, 100, 100, 100, 100, 100, 100]
Sensing Errors: [0, 16, 16, 15, 13, 4, 10, 13, 11, 6, 6, 6, 6, 5, 7, 4, 5, 6, 5, 1, 6, 5, 1, 2, 2, 2, 0, 3, 1, 1, 2, 0, 1, 0, 0, 0, 2, 1, 0, 0, 0, 0, 0, 2, 0, 0, 0, 0, 1, 0, 0, 0, 0, 0, 0, 0, 1, 0, 1, 0, 0, 0, 0, 0, 0, 1, 0, 0, 0, 1, 0, 0, 1, 0, 0, 1, 0, 0, 0, 0, 0, 0, 0, 0, 0, 0, 0, 0, 1, 0, 0, 0, 0, 0, 0, 0, 0, 0, 0, 0]
Packet Errors: [0, 3, 1, 0, 0, 2, 1, 0, 0, 0, 0, 0, 0, 1, 0, 0, 0, 0, 0, 0, 1, 0, 3, 1, 0, 0, 0, 1, 0, 0, 0, 0, 1, 0, 0, 0, 4, 0, 0, 0, 0, 0, 0, 0, 0, 0, 0, 0, 0, 0, 0, 0, 0, 0, 0, 0, 0, 0, 0, 0, 0, 0, 0, 0, 0, 0, 0, 0, 0, 0, 0, 0, 0, 0, 0, 0, 0, 0, 0, 0, 0, 0, 0, 0, 0, 0, 0, 0, 0, 0, 0, 0, 0, 0, 0, 0, 0, 0, 0, 0]

12 channels
Reward: [0, 90, 81, 82, 86, 80, 85, 90, 88, 84, 86, 92, 88, 98, 97, 97, 98, 96, 99, 97, 98, 97, 96, 97, 98, 97, 100, 100, 99, 100, 97, 99, 99, 97, 98, 98, 99, 99, 100, 100, 100, 100, 99, 99, 100, 100, 100, 100, 100, 100, 99, 98, 99, 100, 100, 100, 100, 100, 99, 100, 100, 100, 100, 100, 100, 100, 100, 100, 100, 100, 100, 100, 100, 100, 100, 100, 100, 100, 100, 100, 100, 100, 100, 100, 100, 100, 100, 100, 100, 100, 100, 100, 100, 100, 100, 100, 100, 100, 100, 100]
Sensing Errors: [0, 0, 0, 0, 0, 0, 0, 0, 0, 0, 0, 0, 0, 0, 0, 0, 0, 0, 0, 0, 0, 0, 0, 0, 0, 0, 0, 0, 0, 0, 0, 0, 0, 0, 0, 0, 0, 0, 0, 0, 0, 0, 0, 0, 0, 0, 0, 0, 0, 0, 0, 0, 0, 0, 0, 0, 0, 0, 0, 0, 0, 0, 0, 0, 0, 0, 0, 0, 0, 0, 0, 0, 0, 0, 0, 0, 0, 0, 0, 0, 0, 0, 0, 0, 0, 0, 0, 0, 0, 0, 0, 0, 0, 0, 0, 0, 0, 0, 0, 0]
Packet Errors: [0, 1, 3, 1, 0, 0, 0, 1, 0, 0, 0, 2, 1, 0, 0, 0, 1, 0, 0, 0, 0, 0, 0, 0, 0, 0, 0, 0, 0, 0, 0, 0, 0, 0, 0, 0, 0, 0, 0, 0, 0, 0, 0, 0, 0, 0, 0, 0, 0, 0, 0, 0, 0, 0, 0, 0, 0, 0, 0, 0, 0, 0, 0, 0, 0, 0, 0, 0, 0, 0, 0, 0, 0, 0, 0, 0, 0, 0, 0, 0, 0, 0, 0, 0, 0, 0, 0, 0, 0, 0, 0, 0, 0, 0, 0, 0, 0, 0, 0, 0]

8 channels
Reward: [0, 74, 78, 75, 75, 64, 66, 75, 82, 84, 84, 87, 89, 91, 92, 95, 91, 91, 92, 96, 94, 98, 96, 95, 98, 99, 99, 97, 89, 94, 99, 95, 97, 99, 98, 96, 98, 100, 100, 99, 100, 94, 100, 100, 96, 98, 100, 98, 99, 100, 100, 99, 100, 98, 100, 97, 100, 98, 100, 99, 100, 100, 100, 100, 99, 99, 100, 100, 100, 98, 100, 100, 99, 97, 100, 100, 98, 99, 100, 98, 100, 99, 100, 99, 96, 100, 100, 96, 99, 100, 100, 100, 97, 99, 100, 99, 94, 97, 85, 100]
Sensing Errors: [0, 0, 0, 0, 0, 0, 0, 0, 0, 0, 0, 0, 0, 0, 0, 0, 0, 0, 0, 0, 0, 0, 0, 0, 0, 0, 0, 0, 0, 0, 0, 0, 0, 0, 0, 0, 0, 0, 0, 0, 0, 0, 0, 0, 0, 0, 0, 0, 0, 0, 0, 0, 0, 0, 0, 0, 0, 0, 0, 0, 0, 0, 0, 0, 0, 0, 0, 0, 0, 0, 0, 0, 0, 0, 0, 0, 0, 0, 0, 0, 0, 0, 0, 0, 0, 0, 0, 0, 0, 0, 0, 0, 0, 0, 0, 0, 0, 0, 0, 0]
Packet Errors: [0, 1, 6, 3, 3, 3, 8, 5, 1, 0, 2, 0, 1, 2, 2, 2, 2, 2, 1, 0, 1, 0, 1, 0, 1, 0, 0, 0, 1, 2, 0, 0, 2, 0, 0, 0, 0, 0, 0, 0, 0, 0, 0, 0, 0, 0, 0, 0, 0, 0, 0, 0, 0, 0, 0, 0, 0, 0, 0, 0, 0, 0, 0, 0, 0, 0, 0, 0, 0, 0, 0, 0, 0, 0, 0, 0, 0, 0, 0, 0, 0, 0, 0, 0, 0, 0, 0, 0, 0, 0, 0, 0, 0, 0, 0, 0, 0, 0, 0, 0]

Reward: [0, 75, 72, 67, 73, 68, 73, 83, 86, 84, 90, 89, 92, 97, 95, 95, 93, 98, 96, 98, 93, 98, 97, 98, 93, 97, 98, 98, 99, 98, 98, 99, 98, 100, 100, 100, 96, 99, 96, 96, 100, 95, 100, 96, 100, 99, 100, 100, 100, 97, 100, 100, 99, 100, 100, 97, 99, 100, 66, 88, 94, 97, 95, 100, 99, 86, 71, 84, 100, 100, 100, 100, 100, 64, 47, 87, 0, 69, 98, 100, 92, 0, 0, 0, 0, 0, 16, 86, 100, 100, 100, 100, 100, 100, 100, 100, 98, 100, 100, 100]
Sensing Errors: [0, 0, 0, 0, 0, 0, 0, 0, 0, 0, 0, 0, 0, 0, 0, 0, 0, 0, 0, 0, 0, 0, 0, 0, 0, 0, 0, 0, 0, 0, 0, 0, 0, 0, 0, 0, 0, 0, 0, 0, 0, 0, 0, 0, 0, 0, 0, 0, 0, 0, 0, 0, 0, 0, 0, 0, 0, 0, 0, 0, 0, 0, 0, 0, 0, 0, 0, 0, 0, 0, 0, 0, 0, 0, 0, 0, 0, 0, 0, 0, 0, 0, 0, 0, 0, 0, 0, 0, 0, 0, 0, 0, 0, 0, 0, 0, 0, 0, 0, 0]
Packet Errors: [0, 2, 3, 1, 2, 0, 1, 0, 1, 1, 0, 0, 0, 0, 0, 0, 0, 0, 0, 0, 0, 0, 1, 0, 0, 0, 0, 0, 1, 1, 0, 0, 0, 0, 0, 0, 0, 0, 0, 0, 0, 0, 0, 0, 0, 0, 0, 0, 0, 0, 0, 0, 0, 0, 0, 0, 0, 0, 0, 0, 0, 0, 0, 0, 0, 0, 0, 1, 0, 0, 0, 0, 0, 0, 0, 0, 0, 0, 0, 0, 0, 0, 0, 0, 0, 0, 0, 0, 0, 0, 0, 0, 0, 0, 0, 0, 0, 0, 0, 0]

Reward: [0, 79, 74, 80, 78, 76, 88, 79, 89, 82, 83, 85, 84, 90, 90, 87, 96, 92, 95, 94, 97, 99, 98, 97, 99, 99, 98, 97, 98, 99, 100, 97, 99, 100, 98, 100, 100, 99, 99, 100, 100, 100, 100, 100, 100, 98, 100, 100, 100, 100, 100, 99, 100, 100, 100, 100, 100, 100, 100, 100, 99, 100, 99, 100, 100, 100, 100, 100, 100, 100, 100, 100, 100, 100, 100, 100, 100, 100, 100, 100, 100, 100, 100, 100, 100, 100, 100, 100, 100, 100, 100, 100, 100, 100, 100, 100, 100, 100, 100, 100]
Sensing Errors: [0, 17, 15, 17, 19, 17, 19, 18, 17, 14, 18, 19, 16, 19, 20, 18, 23, 18, 19, 19, 17, 19, 19, 18, 19, 20, 19, 23, 25, 24, 22, 22, 22, 25, 23, 18, 20, 18, 19, 20, 18, 20, 18, 21, 18, 24, 23, 23, 23, 24, 24, 21, 20, 18, 20, 24, 23, 25, 23, 24, 25, 23, 22, 18, 25, 22, 19, 18, 19, 19, 18, 24, 24, 23, 25, 23, 24, 24, 24, 23, 22, 20, 18, 20, 21, 25, 23, 24, 20, 18, 20, 23, 24, 21, 19, 20, 19, 18, 19, 20]
Packet Errors: [0, 3, 0, 2, 0, 1, 1, 0, 2, 3, 0, 1, 1, 1, 0, 4, 2, 0, 0, 0, 0, 0, 0, 1, 0, 0, 1, 0, 0, 0, 0, 0, 0, 0, 0, 0, 0, 0, 0, 0, 0, 0, 0, 0, 0, 0, 0, 0, 0, 0, 0, 0, 0, 0, 0, 0, 0, 0, 0, 0, 0, 0, 0, 0, 0, 0, 0, 0, 0, 0, 0, 0, 0, 0, 0, 0, 0, 0, 0, 0, 0, 0, 0, 0, 0, 0, 0, 0, 0, 0, 0, 0, 0, 0, 0, 0, 0, 0, 0, 0]

Reward: [0, 69, 81, 78, 80, 78, 81, 83, 83, 89, 89, 91, 93, 92, 91, 93, 96, 90, 94, 93, 95, 97, 100, 98, 97, 98, 99, 100, 94, 97, 100, 99, 98, 99, 100, 99, 100, 99, 100, 100, 100, 99, 99, 99, 100, 100, 99, 100, 100, 100, 100, 100, 100, 100, 100, 100, 100, 99, 100, 100, 100, 100, 100, 100, 100, 100, 100, 100, 100, 100, 100, 100, 100, 100, 100, 100, 100, 100, 100, 100, 100, 100, 100, 100, 100, 100, 100, 100, 100, 99, 100, 100, 100, 100, 100, 100, 100, 100, 100, 100]
Sensing Errors: [0, 7, 11, 6, 8, 11, 9, 6, 6, 4, 5, 4, 5, 5, 4, 6, 5, 6, 5, 4, 6, 4, 5, 6, 4, 5, 5, 5, 8, 9, 9, 11, 9, 9, 10, 9, 5, 6, 10, 10, 10, 9, 10, 9, 11, 10, 9, 9, 11, 7, 5, 4, 6, 5, 4, 6, 4, 5, 5, 4, 5, 5, 5, 5, 4, 5, 5, 4, 5, 5, 5, 5, 4, 5, 5, 4, 6, 4, 5, 5, 4, 5, 5, 5, 5, 4, 5, 5, 9, 9, 9, 4, 6, 5, 4, 5, 5, 5, 5, 4]
Packet Errors: [0, 0, 2, 0, 0, 1, 0, 0, 0, 0, 0, 2, 1, 2, 1, 1, 0, 0, 2, 0, 0, 0, 0, 1, 0, 0, 0, 0, 0, 3, 0, 0, 0, 0, 0, 0, 0, 0, 0, 0, 0, 0, 0, 0, 0, 0, 0, 0, 0, 0, 0, 0, 0, 0, 0, 0, 0, 0, 0, 0, 0, 0, 0, 0, 0, 0, 0, 0, 0, 0, 0, 0, 0, 0, 0, 0, 0, 0, 0, 0, 0, 0, 0, 0, 0, 0, 0, 0, 0, 0, 0, 0, 0, 0, 0, 0, 0, 0, 0, 0]

8 channels, channelizer
Reward: [0, 80, 75, 70, 77, 67, 77, 79, 76, 80, 92, 88, 92, 95, 91, 88, 87, 94, 95, 97, 94, 96, 94, 93, 95, 93, 98, 95, 95, 85, 99, 99, 98, 96, 99, 98, 99, 98, 97, 95, 97, 100, 100, 97, 100, 99, 100, 99, 99, 100, 99, 99, 100, 101, 98, 100, 99, 98, 100, 100, 99, 100, 100, 100, 100, 99, 100, 100, 99, 100, 99, 100, 100, 100, 99, 100, 98, 99, 99, 99, 99, 98, 97, 99, 97, 98, 99, 99, 100, 100, 99, 100, 98, 84, 94, 94, 92, 76, 90, 100]
Sensing Errors: [0, 5, 4, 9, 7, 5, 6, 6, 5, 4, 6, 4, 8, 7, 6, 7, 8, 6, 4, 8, 7, 9, 8, 4, 5, 5, 5, 6, 9, 11, 8, 4, 6, 6, 8, 4, 5, 10, 9, 8, 5, 6, 3, 5, 7, 10, 5, 6, 4, 8, 6, 5, 4, 11, 10, 10, 10, 9, 8, 9, 7, 8, 7, 10, 9, 8, 3, 5, 9, 7, 8, 6, 3, 8, 6, 7, 4, 6, 6, 5, 5, 7, 7, 3, 8, 7, 6, 5, 8, 9, 5, 6, 11, 6, 5, 10, 9, 0, 4, 4]
Packet Errors: [0, 2, 3, 1, 2, 1, 1, 2, 1, 1, 1, 2, 1, 0, 1, 2, 2, 0, 0, 1, 0, 1, 1, 0, 1, 0, 0, 0, 2, 0, 0, 0, 0, 1, 0, 0, 0, 0, 1, 1, 2, 0, 0, 1, 0, 0, 0, 1, 0, 0, 1, 1, 0, 0, 0, 0, 1, 1, 0, 0, 1, 0, 0, 0, 0, 0, 0, 0, 0, 0, 0, 0, 0, 0, 0, 0, 2, 0, 0, 0, 1, 0, 0, 0, 0, 1, 0, 0, 0, 0, 1, 0, 0, 1, 1, 0, 2, 0, 1, 0]
Time diff: [16535780.325449696, 0.015222439765930176, 0.014755682945251465, 0.016028194427490233, 0.01275622844696045, 0.01591198205947876, 0.014660382270812988, 0.014834928512573241, 0.012154901027679443, 0.014691195487976073, 0.013721928596496583, 0.01431384563446045, 0.013938467502593994, 0.01675495386123657, 0.011554343700408936, 0.015599110126495362, 0.012303769588470459, 0.012576620578765869, 0.014192788600921631, 0.014345896244049073, 0.014404666423797608, 0.014764533042907715, 0.011241459846496582, 0.01551638126373291, 0.01474078893661499, 0.015183746814727783, 0.014062669277191162, 0.013229367733001708, 0.014887347221374511, 0.012263545989990235, 0.01408940076828003, 0.013693428039550782, 0.013214321136474609, 0.012245457172393798, 0.01620732545852661, 0.01657968997955322, 0.011332218647003173, 0.014372186660766601, 0.01403583526611328, 0.01345024347305298, 0.014913992881774902, 0.015066399574279785, 0.01154994010925293, 0.017540640830993652, 0.015628278255462646, 0.01360201597213745, 0.012368848323822021, 0.017338683605194093, 0.016245551109313965, 0.014111070632934571, 0.010963742733001708, 0.015470497608184815, 0.011658675670623779, 0.01346625566482544, 0.016071128845214843, 0.014106106758117676, 0.012744731903076172, 0.015067183971405029, 0.013637278079986572, 0.015125775337219238, 0.015064144134521484, 0.012120609283447265, 0.015441875457763671, 0.013623719215393066, 0.012837791442871093, 0.01609630823135376, 0.014082233905792236, 0.010099091529846192, 0.01454425573348999, 0.015418815612792968, 0.014218113422393798, 0.01224374294281006, 0.012309286594390869, 0.012296009063720702, 0.013654561042785644, 0.013287696838378906, 0.01036823272705078, 0.01270792007446289, 0.014513111114501953, 0.014767169952392578, 0.010615148544311524, 0.014199938774108887, 0.014322421550750732, 0.012623975276947022, 0.013693852424621582, 0.013659369945526124, 0.015624134540557862, 0.014852747917175294, 0.013768954277038574, 0.015193455219268799, 0.012936820983886719, 0.0122450852394104, 0.013616108894348144, 0.012825388908386231, 0.011003570556640625, 0.01359426498413086, 0.016556353569030763, 0.013682544231414795, 0.013030562400817871, 0.014334945678710938]

4 channels, channelizer
Reward: [0, 72, 66, 69, 68, 63, 57, 64, 76, 79, 72, 84, 75, 78, 85, 87, 90, 90, 92, 86, 94, 95, 96, 93, 66, 90, 98, 96, 92, 92, 99, 95, 95, 93, 94, 96, 97, 100, 97, 100, 96, 99, 100, 100, 99, 98, 99, 100, 99, 98, 99, 99, 100, 100, 100, 100, 100, 100, 100, 100, 99, 100, 100, 100, 100, 100, 100, 100, 99, 100, 100, 100, 100, 100, 100, 100, 100, 99, 100, 100, 100, 100, 100, 100, 100, 100, 100, 100, 97, 100, 100, 100, 100, 100, 100, 100, 100, 100, 100, 100]
Sensing Errors: [0, 0, 0, 0, 0, 0, 0, 0, 0, 0, 0, 0, 0, 0, 0, 0, 0, 0, 0, 0, 0, 0, 0, 0, 0, 0, 0, 0, 0, 0, 0, 0, 0, 0, 0, 0, 0, 0, 0, 0, 0, 0, 0, 0, 0, 0, 0, 0, 0, 0, 0, 0, 0, 0, 0, 0, 0, 0, 0, 0, 0, 0, 0, 0, 0, 0, 0, 0, 0, 0, 0, 0, 0, 0, 0, 0, 0, 0, 0, 0, 0, 0, 0, 0, 0, 0, 0, 0, 0, 0, 0, 0, 0, 0, 0, 0, 0, 0, 0, 0]
Packet Errors: [0, 12, 14, 12, 10, 14, 17, 16, 15, 6, 11, 5, 13, 9, 5, 4, 5, 2, 3, 3, 2, 0, 2, 3, 16, 1, 2, 0, 2, 2, 0, 2, 1, 1, 0, 0, 1, 0, 0, 0, 0, 0, 0, 0, 1, 0, 1, 0, 0, 0, 0, 0, 0, 0, 0, 0, 0, 0, 0, 0, 0, 0, 0, 0, 0, 0, 0, 0, 1, 0, 0, 0, 0, 0, 0, 0, 0, 1, 0, 0, 0, 0, 0, 0, 0, 0, 0, 0, 0, 0, 0, 0, 0, 0, 0, 0, 0, 0, 0, 0]
Time diff: [16535784.699115641, 0.018643043041229247, 0.017795674800872803, 0.01648794412612915, 0.01684696674346924, 0.017399997711181642, 0.017736446857452393, 0.01863445520401001, 0.015845499038696288, 0.017225887775421143, 0.020024404525756836, 0.01867931365966797, 0.01755377769470215, 0.01628887414932251, 0.017256255149841308, 0.019524643421173094, 0.01694779872894287, 0.018114254474639893, 0.016029460430145262, 0.018713414669036865, 0.017738828659057616, 0.019312121868133546, 0.018353588581085205, 0.018687846660614012, 0.016210460662841798, 0.015101373195648193, 0.019570882320404052, 0.018012783527374267, 0.016284759044647216, 0.016391961574554442, 0.01897599220275879, 0.019093186855316163, 0.01708008050918579, 0.015060806274414062, 0.01681241989135742, 0.016347291469573973, 0.015787949562072755, 0.015732128620147705, 0.018595170974731446, 0.016842520236968993, 0.017667784690856933, 0.01797858953475952, 0.018597700595855714, 0.017291505336761475, 0.019521169662475586, 0.018448801040649415, 0.017134957313537598, 0.018220474720001222, 0.018395648002624512, 0.018255505561828613, 0.018709743022918703, 0.014776613712310791, 0.01609910249710083, 0.015207321643829345, 0.01619229555130005, 0.017773828506469726, 0.015633771419525145, 0.017520546913146973, 0.015394186973571778, 0.014162168502807618, 0.01584830045700073, 0.016420731544494627, 0.01763761281967163, 0.017577519416809084, 0.01921312093734741, 0.018287394046783447, 0.01815636157989502, 0.015075969696044921, 0.017640786170959474, 0.01703982353210449, 0.01763230800628662, 0.017050678730010985, 0.01636229991912842, 0.018633828163146973, 0.017318413257598878, 0.017557954788208006, 0.017803852558135987, 0.01692456245422363, 0.015097856521606445, 0.019544403553009033, 0.01751370429992676, 0.018818135261535644, 0.01776662588119507, 0.017546770572662355, 0.01595550537109375, 0.017204859256744386, 0.01895681619644165, 0.016935787200927734, 0.018290021419525147, 0.019613120555877685, 0.01919743537902832, 0.018102529048919676, 0.01719987630844116, 0.017911839485168456, 0.018655800819396974, 0.018991520404815675, 0.01831352472305298, 0.016618375778198243, 0.01738108158111572, 0.01521327018737793]

12 channels, channelizer
Reward: [0, 84, 86, 81, 86, 86, 88, 84, 87, 90, 95, 87, 90, 93, 91, 92, 91, 94, 94, 94, 97, 93, 95, 96, 99, 91, 89, 99, 97, 100, 99, 98, 97, 98, 98, 99, 99, 99, 98, 94, 98, 100, 94, 92, 96, 99, 93, 92, 98, 99, 96, 98, 96, 93, 97, 97, 95, 98, 100, 100, 99, 100, 100, 100, 100, 99, 100, 100, 99, 100, 100, 100, 100, 98, 99, 100, 99, 98, 99, 89, 100, 98, 100, 97, 98, 100, 99, 100, 98, 98, 96, 95, 99, 99, 100, 99, 100, 100, 98, 92]
Sensing Errors: [0, 7, 5, 8, 4, 9, 7, 3, 4, 4, 8, 5, 6, 6, 7, 8, 6, 7, 9, 7, 4, 0, 0, 0, 2, 6, 2, 9, 5, 6, 7, 7, 8, 9, 8, 8, 9, 9, 7, 5, 8, 9, 4, 2, 6, 8, 4, 4, 7, 8, 7, 8, 7, 3, 6, 9, 4, 7, 9, 9, 3, 0, 7, 4, 2, 6, 7, 7, 9, 4, 4, 1, 4, 6, 8, 3, 2, 5, 4, 4, 4, 3, 3, 4, 1, 1, 3, 0, 6, 9, 2, 2, 3, 3, 9, 4, 9, 9, 7, 1]
Packet Errors: [0, 2, 1, 0, 1, 0, 2, 1, 2, 1, 0, 2, 1, 1, 0, 1, 2, 1, 0, 1, 0, 0, 0, 0, 0, 1, 1, 0, 0, 0, 0, 0, 0, 0, 1, 0, 0, 0, 0, 1, 0, 0, 0, 1, 1, 0, 0, 2, 0, 0, 0, 1, 0, 0, 0, 0, 0, 1, 0, 0, 0, 0, 0, 0, 0, 0, 0, 0, 0, 0, 0, 0, 0, 0, 0, 0, 0, 0, 0, 9, 0, 1, 0, 0, 0, 0, 0, 0, 0, 0, 0, 1, 0, 0, 0, 0, 0, 0, 2, 0]
Time diff: [1.645088195800781e-07, 0.011312320232391357, 0.009881656169891357, 0.00886237621307373, 0.010341868400573731, 0.010683715343475342, 0.00823338508605957, 0.008524513244628907, 0.011983411312103271, 0.012935433387756348, 0.00599611759185791, 0.009422738552093506, 0.010999417304992676, 0.010923864841461182, 0.011764495372772217, 0.009491913318634033, 0.01214217185974121, 0.011172404289245605, 0.01142845392227173, 0.01044694185256958, 0.011126759052276612, 0.012121117115020752, 0.007829251289367676, 0.011316213607788086, 0.011152925491333008, 0.011669125556945801, 0.013811986446380615, 0.011354951858520508, 0.011153168678283691, 0.01063002347946167, 0.010437703132629395, 0.008954899311065674, 0.012744183540344239, 0.012020227909088134, 0.012509207725524902, 0.012099452018737793, 0.011419422626495361, 0.012646641731262207, 0.010770423412322998, 0.011107165813446045, 0.015060665607452393, 0.011514992713928222, 0.010454843044281006, 0.014387629032135009, 0.011277384757995605, 0.008010199069976806, 0.012411787509918212, 0.008801813125610352, 0.008075921535491944, 0.00963449478149414, 0.010574619770050048, 0.010690956115722657, 0.011908128261566162, 0.011444995403289795, 0.013108673095703125, 0.009803862571716308, 0.01184739351272583, 0.012836527824401856, 0.009031283855438232, 0.011661012172698975, 0.011342983245849609, 0.014619100093841552, 0.009345645904541016, 0.012146623134613036, 0.009559812545776368, 0.008241608142852783, 0.012116706371307373, 0.009818222522735596, 0.009945509433746337, 0.011900184154510498, 0.010698208808898926, 0.013592734336853027, 0.013784692287445069, 0.011366453170776367, 0.012731668949127197, 0.012869250774383546, 0.008924391269683838, 0.01060124158859253, 0.011435670852661133, 0.013229842185974122, 0.007690434455871582, 0.013410825729370118, 0.008683936595916748, 0.006881740093231201, 0.011422884464263917, 0.008680386543273926, 0.00855625867843628, 0.011134238243103027, 0.014843170642852782, 0.011384115219116211, 0.0077081298828125, 0.012847256660461426, 0.012483701705932618, 0.011222774982452393, 0.012931227684020996, 0.01336808443069458, 0.014641656875610351, 0.012729065418243408, 0.009874427318572998, 0.015495102405548095]

Reward: [0, 81, 74, 70, 71, 79, 85, 84, 80, 81, 82, 89, 89, 94, 93, 98, 94, 95, 97, 95, 97, 97, 96, 99, 97, 99, 98, 98, 98, 98, 99, 100, 100, 100, 98, 100, 100, 98, 98, 98, 99, 97, 100, 100, 100, 99, 100, 99, 100, 99, 99, 100, 99, 100, 100, 100, 100, 99, 100, 99, 100, 100, 100, 100, 100, 100, 100, 100, 100, 100, 99, 100, 100, 100, 100, 100, 100, 100, 100, 100, 100, 100, 100, 100, 100, 100, 100, 100, 99, 100, 100, 100, 100, 100, 100, 100, 100, 100, 99, 99]
Sensing Errors: [0, 0, 0, 0, 0, 0, 0, 0, 0, 0, 0, 0, 0, 0, 0, 0, 0, 0, 0, 0, 0, 0, 0, 0, 0, 0, 0, 0, 0, 0, 0, 0, 0, 0, 0, 0, 0, 0, 0, 0, 0, 0, 0, 0, 0, 0, 0, 0, 0, 0, 0, 0, 0, 0, 0, 0, 0, 0, 0, 0, 0, 0, 0, 0, 0, 0, 0, 0, 0, 0, 0, 0, 0, 0, 0, 0, 0, 0, 0, 0, 0, 0, 0, 0, 0, 0, 0, 0, 0, 0, 0, 0, 0, 0, 0, 0, 0, 0, 0, 0]
Packet Errors: [0, 1, 1, 1, 2, 0, 0, 1, 1, 0, 1, 0, 0, 0, 1, 1, 0, 1, 0, 0, 0, 0, 1, 0, 0, 0, 0, 0, 0, 0, 0, 0, 0, 0, 0, 0, 0, 0, 0, 0, 0, 0, 0, 0, 0, 0, 0, 0, 0, 0, 0, 0, 0, 0, 0, 0, 0, 0, 0, 0, 0, 0, 0, 0, 0, 0, 0, 0, 0, 0, 0, 0, 0, 0, 0, 0, 0, 0, 0, 0, 0, 0, 0, 0, 0, 0, 0, 0, 0, 0, 0, 0, 0, 0, 0, 0, 0, 0, 0, 0]
Time diff: [16535822.769532034, 1653582278.1519163, 1653582280.5285816, 1653582282.9091396, 1653582285.3059297, 1653582287.7005243, 1653582290.1390347, 1653582292.481906, 1653582294.8008544, 1653582297.1606781, 1653582299.5978165, 1653582301.8961573, 1653582304.2522728, 1653582306.714232, 1653582309.1612444, 1653582311.621152, 1653582314.0469186, 1653582316.4448354, 1653582318.7967675, 1653582321.248051, 1653582323.7174642, 1653582326.1089203, 1653582328.5102148, 1653582330.9857876, 1653582333.435157, 1653582335.8700614, 1653582338.2308025, 1653582340.58673, 1653582342.9920297, 1653582345.5490746, 1653582347.982432, 1653582350.3494422, 1653582352.7864523, 1653582355.1664603, 1653582357.559696, 1653582359.9143648, 1653582362.3146262, 1653582364.7082996, 1653582367.163848, 1653582369.599321, 1653582372.0030713, 1653582374.411402, 1653582376.8408802, 1653582379.309952, 1653582381.7585385, 1653582384.127981, 1653582386.557859, 1653582389.0286264, 1653582391.4782474, 1653582393.815552, 1653582396.1988928, 1653582398.5764647, 1653582400.9628735, 1653582403.3214693, 1653582405.6613152, 1653582407.9744494, 1653582410.3536413, 1653582412.7328157, 1653582415.1065466, 1653582417.4007087, 1653582419.7732928, 1653582422.2148774, 1653582424.6571043, 1653582427.0317228, 1653582429.4014754, 1653582431.807309, 1653582434.1914005, 1653582436.5601904, 1653582439.0149121, 1653582441.3623102, 1653582443.7586389, 1653582446.1335304, 1653582448.5635898, 1653582450.9626322, 1653582453.351625, 1653582455.8127444, 1653582458.2353024, 1653582460.6204636, 1653582463.016078, 1653582465.4256735, 1653582467.7970464, 1653582470.1585636, 1653582472.5129373, 1653582474.8580432, 1653582477.2421653, 1653582479.582613, 1653582481.9385183, 1653582484.2942934, 1653582486.7849734, 1653582489.106478, 1653582491.4642844, 1653582493.859677, 1653582496.2375402, 1653582498.666096, 1653582501.1032963, 1653582503.4654388, 1653582505.7943423, 1653582508.1754858, 1653582510.5277624, 1653582512.8496606]

Reward: [0, 57, 66, 59, 70, 67, 70, 73, 76, 70, 79, 72, 73, 79, 82, 85, 76, 88, 77, 85, 92, 88, 86, 87, 85, 89, 93, 89, 93, 90, 90, 93, 89, 80, 91, 94, 73, 88, 92, 93, 91, 75, 93, 93, 94, 80, 74, 90, 90, 93, 86, 75, 73, 80, 92, 82, 69, 79, 83, 77, 83, 94, 91, 93, 95, 95, 94, 94, 93, 92, 82, 97, 96, 92, 94, 95, 81, 95, 95, 84, 76, 68, 81, 73, 79, 82, 76, 73, 92, 90, 87, 85, 92, 89, 88, 78, 80, 69, 95, 90]
Sensing Errors: [0, 0, 0, 0, 0, 0, 0, 0, 0, 0, 0, 0, 0, 0, 0, 0, 0, 0, 0, 0, 0, 0, 0, 0, 0, 0, 0, 0, 0, 0, 0, 0, 0, 0, 0, 0, 0, 0, 0, 0, 0, 0, 0, 0, 0, 0, 0, 0, 0, 0, 0, 0, 0, 0, 0, 0, 0, 0, 0, 0, 0, 0, 0, 0, 0, 0, 0, 0, 0, 0, 0, 0, 0, 0, 0, 0, 0, 0, 0, 0, 0, 0, 0, 0, 0, 0, 0, 0, 0, 0, 0, 0, 0, 0, 0, 0, 0, 0, 0, 0]
Packet Errors: [0, 2, 0, 1, 0, 1, 0, 0, 0, 1, 1, 0, 1, 2, 1, 0, 0, 0, 0, 1, 0, 0, 0, 0, 0, 0, 0, 0, 0, 0, 1, 0, 0, 0, 0, 0, 0, 0, 0, 0, 0, 1, 0, 0, 0, 0, 1, 0, 0, 0, 0, 0, 0, 0, 0, 0, 0, 3, 4, 1, 0, 0, 0, 0, 0, 0, 0, 0, 0, 0, 0, 0, 0, 0, 0, 0, 1, 0, 0, 1, 0, 0, 0, 1, 2, 1, 0, 1, 0, 0, 0, 0, 0, 0, 0, 0, 1, 2, 0, 0]
Time diff: [16535826.109711394, 1653582612.2434046, 1653582614.9845324, 1653582617.836546, 1653582620.5831442, 1653582623.3138337, 1653582626.0767493, 1653582628.8156774, 1653582631.6172101, 1653582634.4239492, 1653582637.1665244, 1653582639.9133985, 1653582642.6782706, 1653582645.5173383, 1653582648.3561466, 1653582651.1449206, 1653582654.0595684, 1653582656.8709397, 1653582659.7215512, 1653582662.6665475, 1653582665.6591866, 1653582668.488501, 1653582671.3681414, 1653582674.1385574, 1653582676.9813557, 1653582679.7365322, 1653582682.492729, 1653582685.2576635, 1653582688.0290546, 1653582690.840528, 1653582693.6658764, 1653582696.5808256, 1653582699.5563552, 1653582702.4703856, 1653582705.2740586, 1653582708.0903833, 1653582710.893798, 1653582713.6956098, 1653582716.5269592, 1653582719.3272512, 1653582722.143157, 1653582724.9462473, 1653582727.7690659, 1653582730.573723, 1653582733.4619925, 1653582736.2909515, 1653582739.0276608, 1653582741.7313616, 1653582744.4798784, 1653582747.26247, 1653582750.0523465, 1653582752.9124634, 1653582755.7135842, 1653582758.4833868, 1653582761.2363172, 1653582764.016044, 1653582766.789362, 1653582769.7150276, 1653582772.5897639, 1653582775.3096817, 1653582778.0633216, 1653582780.8030863, 1653582783.6034424, 1653582786.463901, 1653582789.277545, 1653582792.1268334, 1653582794.9651022, 1653582797.7289817, 1653582800.4801984, 1653582803.3182511, 1653582806.0650375, 1653582808.9109235, 1653582811.7733576, 1653582814.6065564, 1653582817.4549456, 1653582820.3401282, 1653582823.1719012, 1653582825.9516568, 1653582828.7267783, 1653582831.5253892, 1653582834.3810716, 1653582837.239116, 1653582840.0382774, 1653582842.8443842, 1653582845.6367667, 1653582848.4452417, 1653582851.204728, 1653582853.9816053, 1653582856.7304382, 1653582859.581066, 1653582862.4711692, 1653582865.3253188, 1653582868.1820996, 1653582871.0125604, 1653582873.789181, 1653582876.6202087, 1653582879.4496415, 1653582882.2823255, 1653582885.1415503, 1653582888.0103524]

Reward: [0, 61, 71, 72, 69, 75, 77, 83, 82, 86, 88, 86, 87, 84, 92, 88, 84, 91, 91, 94, 90, 86, 93, 96, 93, 97, 94, 94, 91, 97, 93, 92, 91, 86, 99, 95, 97, 93, 95, 96, 99, 97, 95, 95, 96, 98, 98, 98, 95, 88, 90, 86, 96, 100, 95, 96, 96, 98, 98, 98, 97, 99, 98, 97, 81, 94, 99, 99, 99, 97, 96, 97, 86, 76, 98, 99, 97, 100, 99, 98, 96, 95, 96, 97, 83, 84, 84, 86, 83, 81, 96, 99, 96, 86, 83, 99, 98, 99, 99, 99]
Sensing Errors: [0, 3, 4, 1, 0, 0, 0, 2, 2, 1, 0, 2, 3, 2, 0, 1, 2, 2, 2, 0, 0, 1, 0, 2, 1, 0, 0, 0, 0, 2, 0, 5, 0, 0, 0, 0, 0, 0, 0, 0, 0, 0, 0, 1, 1, 0, 0, 0, 0, 7, 4, 4, 3, 0, 6, 0, 5, 0, 0, 0, 0, 0, 0, 0, 0, 2, 0, 0, 0, 0, 0, 0, 0, 0, 0, 0, 0, 0, 0, 0, 0, 0, 0, 0, 0, 0, 0, 0, 0, 0, 0, 0, 0, 0, 0, 0, 0, 0, 0, 0]
Packet Errors: [0, 6, 1, 5, 7, 6, 4, 2, 3, 3, 0, 5, 3, 6, 2, 3, 2, 3, 1, 2, 2, 3, 2, 0, 3, 0, 1, 0, 1, 1, 0, 3, 3, 1, 0, 1, 0, 4, 3, 3, 0, 2, 2, 2, 0, 2, 0, 1, 1, 3, 1, 2, 2, 0, 3, 1, 0, 0, 1, 0, 2, 0, 0, 0, 7, 3, 0, 0, 0, 2, 2, 1, 2, 8, 0, 0, 1, 0, 0, 0, 3, 0, 2, 0, 1, 1, 3, 3, 3, 4, 1, 0, 2, 1, 3, 0, 0, 0, 1, 0]

Reward: [0, 75, 78, 72, 76, 81, 76, 84, 74, 81, 82, 80, 86, 82, 82, 74, 81, 86, 97, 95, 91, 93, 97, 93, 100, 96, 97, 94, 92, 93, 99, 94, 81, 85, 87, 100, 99, 97, 94, 88, 98, 100, 100, 99, 97, 99, 96, 98, 86, 91, 98, 97, 90, 100, 100, 99, 99, 100, 100, 98, 100, 100, 100, 100, 100, 100, 100, 96, 99, 97, 100, 100, 100, 100, 100, 100, 100, 100, 100, 100, 100, 100, 100, 100, 96, 100, 100, 100, 99, 99, 96, 88, 94, 98, 98, 49, 97, 100, 99, 100]
Sensing Errors: [0, 67, 67, 60, 69, 70, 62, 69, 67, 66, 77, 71, 70, 73, 75, 72, 75, 75, 81, 80, 80, 82, 83, 83, 87, 90, 91, 83, 86, 85, 85, 84, 81, 74, 71, 85, 87, 68, 78, 73, 84, 86, 86, 85, 86, 85, 81, 81, 66, 73, 80, 83, 80, 75, 76, 75, 77, 75, 77, 76, 74, 72, 71, 72, 71, 72, 71, 71, 75, 71, 72, 71, 72, 71, 71, 72, 71, 72, 71, 72, 71, 71, 72, 71, 73, 91, 89, 87, 85, 85, 91, 82, 92, 95, 95, 96, 85, 86, 87, 85]
Packet Errors: [0, 1, 1, 2, 2, 3, 0, 3, 1, 1, 2, 2, 3, 1, 1, 1, 0, 2, 0, 0, 2, 1, 0, 1, 0, 0, 0, 2, 0, 3, 0, 0, 7, 1, 0, 0, 0, 0, 0, 1, 0, 0, 0, 0, 1, 0, 1, 0, 0, 0, 1, 0, 0, 0, 0, 0, 0, 0, 0, 1, 0, 0, 0, 0, 0, 0, 0, 1, 0, 1, 0, 0, 0, 0, 0, 0, 0, 0, 0, 0, 0, 0, 0, 0, 1, 0, 0, 0, 0, 1, 3, 4, 6, 2, 2, 18, 0, 0, 0, 0]
Time diff: [16536729.65957099, 1653672967.2602816, 1653672969.6971025, 1653672972.180274, 1653672974.5325284, 1653672976.887761, 1653672979.2503629, 1653672981.5740643, 1653672983.9174807, 1653672986.2668133, 1653672988.6106358, 1653672990.9671369, 1653672993.2987669, 1653672995.6553745, 1653672997.9905088, 1653673000.3548071, 1653673002.7220223, 1653673005.0525274, 1653673007.431751, 1653673009.8283288, 1653673012.1702013, 1653673014.5089118, 1653673016.840573, 1653673019.23142, 1653673021.626621, 1653673024.0081763, 1653673026.3689234, 1653673028.689051, 1653673031.0482721, 1653673033.3481956, 1653673035.6866095, 1653673037.9941351, 1653673040.3098505, 1653673042.6284971, 1653673045.0152917, 1653673047.4565573, 1653673049.8862455, 1653673052.2706451, 1653673054.6551871, 1653673057.0322864, 1653673059.4113026, 1653673061.7860587, 1653673064.167934, 1653673066.5120742, 1653673068.882633, 1653673071.2244363, 1653673073.5405571, 1653673075.8343875, 1653673078.1798694, 1653673080.5604093, 1653673082.9305875, 1653673085.2862883, 1653673087.7021694, 1653673090.0363212, 1653673092.4441874, 1653673094.8533394, 1653673097.2316744, 1653673099.5689564, 1653673101.9708903, 1653673104.3755407, 1653673106.7542896, 1653673109.101124, 1653673111.4672866, 1653673113.813392, 1653673116.15197, 1653673118.481404, 1653673120.8250725, 1653673123.145887, 1653673125.5357985, 1653673127.884021, 1653673130.2418547, 1653673132.7105823, 1653673135.1867542, 1653673137.5416772, 1653673139.8972878, 1653673142.2582595, 1653673144.5839224, 1653673146.90396, 1653673149.2059736, 1653673151.5153668, 1653673153.8840268, 1653673156.242731, 1653673158.6180892, 1653673160.9691052, 1653673163.2749453, 1653673165.6102738, 1653673167.9477453, 1653673170.2992969, 1653673172.630792, 1653673174.9746141, 1653673177.296876, 1653673179.6273065, 1653673182.0024862, 1653673184.372611, 1653673186.7169273, 1653673189.0352201, 1653673191.393592, 1653673193.7597725, 1653673196.1017737, 1653673198.4731739]

5G, 8 channels, low power, 6.5"
Reward: [0, 65, 70, 76, 75, 78, 80, 77, 72, 77, 78, 86, 85, 88, 92, 96, 90, 92, 87, 79, 92, 92, 89, 96, 94, 90, 94, 95, 95, 96, 96, 93, 97, 93, 98, 94, 93, 100, 95, 98, 97, 98, 94, 96, 98, 97, 92, 97, 91, 91, 96, 98, 96, 100, 98, 86, 99, 99, 100, 100, 99, 96, 99, 98, 99, 91, 100, 98, 98, 86, 97, 96, 98, 93, 93, 95, 99, 99, 97, 99, 97, 93, 99, 99, 98, 99, 99, 99, 99, 98, 97, 98, 92, 99, 97, 97, 99, 98, 99, 100]
Sensing Errors: [0, 0, 0, 0, 2, 2, 4, 2, 2, 6, 0, 3, 0, 1, 0, 2, 1, 2, 2, 3, 0, 2, 4, 1, 2, 5, 0, 3, 0, 1, 0, 0, 0, 1, 2, 0, 0, 0, 1, 0, 0, 1, 12, 3, 2, 8, 3, 11, 4, 8, 11, 14, 14, 14, 12, 0, 1, 6, 3, 0, 0, 0, 0, 0, 0, 0, 0, 0, 0, 0, 0, 0, 0, 0, 0, 0, 0, 0, 0, 0, 0, 0, 0, 0, 0, 0, 0, 0, 1, 7, 4, 1, 7, 4, 5, 7, 0, 0, 0, 0]
Packet Errors: [0, 4, 1, 4, 2, 1, 3, 5, 6, 1, 4, 0, 3, 2, 1, 3, 2, 2, 0, 5, 1, 1, 2, 1, 0, 4, 2, 0, 0, 1, 0, 0, 0, 1, 0, 0, 1, 0, 0, 0, 1, 0, 0, 2, 1, 0, 0, 0, 2, 2, 0, 0, 0, 0, 0, 0, 0, 0, 0, 0, 1, 0, 1, 1, 0, 2, 0, 0, 1, 1, 2, 0, 1, 1, 0, 2, 1, 0, 2, 0, 0, 0, 0, 0, 0, 0, 1, 0, 0, 0, 0, 0, 0, 0, 1, 0, 0, 0, 1, 0]
Time diff: [16539568.469162267, 1653956848.2564652, 1653956850.8995001, 1653956853.7593908, 1653956856.7293549, 1653956859.672229, 1653956862.6086576, 1653956865.5398436, 1653956868.4444296, 1653956871.3164659, 1653956874.1890633, 1653956877.0496638, 1653956880.0245492, 1653956882.9610214, 1653956885.8196182, 1653956888.6414502, 1653956891.561837, 1653956894.5451798, 1653956897.434871, 1653956900.325019, 1653956903.2000065, 1653956906.1394117, 1653956909.04274, 1653956911.9974108, 1653956914.8380613, 1653956917.4000943, 1653956920.334747, 1653956923.33471, 1653956926.1759658, 1653956928.8742177, 1653956931.6085446, 1653956934.2154608, 1653956936.965403, 1653956939.675328, 1653956942.6160302, 1653956945.5774863, 1653956948.4612947, 1653956951.1939404, 1653956953.9527924, 1653956956.6410446, 1653956959.222436, 1653956961.8763704, 1653956964.5525858, 1653956967.2638507, 1653956969.878637, 1653956972.459453, 1653956975.062585, 1653956977.6438007, 1653956980.4167118, 1653956983.374364, 1653956986.0839002, 1653956988.724476, 1653956991.3959253, 1653956994.1828558, 1653956996.8496008, 1653956999.5313458, 1653957002.207065, 1653957005.0888908, 1653957007.6472802, 1653957010.2495534, 1653957012.8545523, 1653957015.5280173, 1653957018.2024221, 1653957020.820347, 1653957023.4257357, 1653957025.9759245, 1653957028.6234484, 1653957031.2907288, 1653957034.0292313, 1653957036.6587112, 1653957039.2989335, 1653957041.9441721, 1653957044.6221173, 1653957047.3153002, 1653957050.2990832, 1653957053.3556712, 1653957056.3238916, 1653957059.3790221, 1653957062.3856936, 1653957065.4095876, 1653957068.3566027, 1653957071.068307, 1653957073.739177, 1653957076.4752166, 1653957079.3877363, 1653957082.4003708, 1653957085.2668617, 1653957088.2062695, 1653957091.033435, 1653957093.883499, 1653957096.6298323, 1653957099.464761, 1653957102.3032513, 1653957104.995499, 1653957107.7075388, 1653957110.4908683, 1653957113.3171656, 1653957115.9355314, 1653957118.718675, 1653957121.4902508]

Reward: [0, 56, 64, 58, 67, 61, 66, 63, 77, 65, 87, 75, 84, 72, 78, 85, 88, 63, 70, 83, 80, 90, 87, 89, 80, 72, 76, 89, 90, 91, 89, 96, 98, 92, 94, 96, 97, 97, 97, 99, 99, 93, 95, 94, 68, 97, 98, 97, 98, 98, 97, 93, 97, 97, 98, 95, 96, 99, 99, 100, 94, 79, 68, 65, 98, 99, 99, 99, 99, 100, 98, 100, 99, 98, 100, 100, 73, 97, 100, 99, 99, 99, 100, 99, 99, 100, 100, 99, 100, 98, 99, 99, 100, 100, 100, 99, 97, 100, 100, 98]
Sensing Errors: [0, 0, 0, 0, 0, 0, 0, 0, 0, 0, 0, 0, 0, 0, 0, 0, 0, 0, 0, 0, 0, 0, 0, 0, 0, 0, 0, 0, 0, 0, 0, 0, 0, 0, 0, 0, 0, 0, 0, 0, 1, 0, 0, 0, 0, 1, 0, 0, 0, 0, 0, 0, 0, 0, 0, 0, 0, 0, 0, 0, 0, 0, 0, 0, 0, 0, 0, 0, 0, 0, 0, 0, 0, 0, 0, 0, 0, 0, 0, 0, 0, 0, 0, 0, 0, 0, 0, 0, 0, 0, 0, 0, 0, 0, 0, 0, 0, 0, 0, 0]
Packet Errors: [0, 4, 0, 2, 2, 4, 3, 4, 2, 3, 1, 4, 4, 2, 6, 0, 2, 6, 10, 4, 3, 0, 5, 1, 5, 1, 4, 3, 1, 1, 0, 0, 0, 1, 0, 0, 0, 0, 0, 0, 0, 1, 2, 0, 2, 1, 0, 0, 0, 0, 1, 2, 0, 1, 1, 0, 1, 0, 0, 0, 1, 8, 6, 4, 0, 0, 0, 0, 0, 0, 0, 0, 0, 1, 0, 0, 1, 0, 0, 0, 1, 0, 0, 0, 0, 0, 0, 1, 0, 0, 0, 0, 0, 0, 0, 0, 1, 0, 0, 1]
Time diff: [16539573.749845775, 1653957375.9685104, 1653957377.8153293, 1653957379.7298617, 1653957381.7292821, 1653957383.6652472, 1653957385.6164844, 1653957387.5845313, 1653957389.4609637, 1653957391.3693552, 1653957393.21552, 1653957395.1066995, 1653957397.0282419, 1653957399.0076368, 1653957400.9430313, 1653957402.8740907, 1653957404.7321742, 1653957406.6431186, 1653957408.6830225, 1653957410.641923, 1653957412.6345205, 1653957414.5645792, 1653957416.4220786, 1653957418.2618268, 1653957420.1516523, 1653957422.0382886, 1653957423.917574, 1653957425.8685462, 1653957427.7698505, 1653957429.699942, 1653957431.5591638, 1653957433.391365, 1653957435.2294798, 1653957437.1104455, 1653957439.072625, 1653957440.996982, 1653957442.8409054, 1653957444.8208544, 1653957446.7690725, 1653957448.6875763, 1653957450.598512, 1653957452.490121, 1653957454.3965108, 1653957456.2824738, 1653957458.1502361, 1653957459.9638247, 1653957461.8583155, 1653957463.7078695, 1653957465.6310537, 1653957467.5235846, 1653957469.3838162, 1653957471.3081143, 1653957473.2454772, 1653957475.1295462, 1653957477.0958982, 1653957478.909971, 1653957480.7678514, 1653957482.67317, 1653957484.576831, 1653957486.5332947, 1653957488.4290328, 1653957490.3599322, 1653957492.2469442, 1653957494.1619349, 1653957496.0363715, 1653957497.8583763, 1653957499.703149, 1653957501.5424783, 1653957503.4427938, 1653957505.4005249, 1653957507.3463657, 1653957509.2816787, 1653957511.1862578, 1653957513.0750842, 1653957514.9952433, 1653957516.8666582, 1653957518.8275251, 1653957520.8020258, 1653957522.7320795, 1653957524.628287, 1653957526.5224442, 1653957528.4595308, 1653957530.3616903, 1653957532.3695083, 1653957534.3050365, 1653957536.2428634, 1653957538.1194358, 1653957539.9292362, 1653957541.7884355, 1653957543.6425452, 1653957545.5746045, 1653957547.4843054, 1653957549.4251883, 1653957551.3382142, 1653957553.2134063, 1653957555.182712, 1653957557.1061435, 1653957559.0528426, 1653957560.9325488, 1653957562.7860162]

Reward: [0, 62, 57, 57, 58, 68, 73, 70, 63, 86, 83, 80, 83, 82, 57, 83, 76, 89, 94, 88, 87, 94, 91, 95, 91, 86, 94, 97, 96, 95, 97, 95, 98, 97, 96, 96, 97, 97, 71, 67, 64, 68, 59, 34, 98, 98, 98, 99, 99, 98, 98, 99, 99, 100, 99, 100, 100, 98, 98, 100, 99, 100, 99, 97, 82, 82, 83, 83, 83, 81, 99, 96, 99, 100, 99, 98, 100, 100, 100, 100, 99, 97, 100, 100, 100, 100, 100, 99, 99, 99, 100, 100, 100, 98, 100, 100, 99, 98, 98, 99]
Sensing Errors: [0, 0, 0, 0, 0, 0, 0, 0, 0, 0, 0, 0, 0, 0, 0, 0, 0, 0, 0, 0, 0, 0, 0, 0, 0, 0, 0, 0, 0, 0, 0, 0, 0, 0, 0, 0, 0, 0, 0, 0, 0, 0, 0, 0, 0, 0, 0, 0, 0, 0, 0, 0, 0, 0, 0, 0, 0, 0, 0, 0, 0, 0, 0, 0, 0, 0, 0, 0, 0, 0, 0, 0, 0, 0, 0, 0, 0, 0, 0, 0, 0, 0, 0, 0, 0, 0, 0, 0, 0, 0, 0, 0, 0, 0, 0, 0, 0, 0, 0, 0]
Packet Errors: [0, 1, 2, 0, 1, 0, 0, 2, 2, 2, 0, 2, 2, 2, 0, 0, 1, 0, 0, 1, 0, 0, 0, 0, 0, 0, 0, 0, 0, 0, 0, 1, 0, 0, 1, 1, 0, 0, 0, 3, 7, 0, 2, 2, 0, 1, 2, 0, 0, 0, 0, 0, 0, 0, 0, 0, 0, 1, 0, 0, 0, 0, 0, 1, 1, 1, 0, 1, 0, 2, 0, 2, 0, 0, 1, 0, 0, 0, 0, 0, 0, 2, 0, 0, 0, 0, 0, 0, 0, 1, 0, 0, 0, 0, 0, 0, 1, 1, 1, 0]
Time diff: [16539576.269213583, 1653957627.9556968, 1653957629.9781258, 1653957631.9632685, 1653957633.9582512, 1653957635.8987048, 1653957637.9035664, 1653957639.9411085, 1653957641.8922172, 1653957643.905113, 1653957645.9696255, 1653957648.006329, 1653957650.0291848, 1653957651.8942585, 1653957653.784294, 1653957655.6724784, 1653957657.6274233, 1653957659.5463336, 1653957661.4921181, 1653957663.536584, 1653957665.5160944, 1653957667.5201843, 1653957669.5717525, 1653957671.643438, 1653957673.7410924, 1653957675.8326423, 1653957677.8042345, 1653957679.8205836, 1653957681.871955, 1653957683.9303803, 1653957685.9084868, 1653957687.8743289, 1653957689.8745944, 1653957691.9066162, 1653957693.8592167, 1653957695.781211, 1653957697.7540994, 1653957699.6756606, 1653957701.5976934, 1653957703.5933328, 1653957705.6830225, 1653957707.8340704, 1653957709.8660612, 1653957711.8611114, 1653957713.8407907, 1653957715.7331693, 1653957717.644671, 1653957719.5915484, 1653957721.5078015, 1653957723.495318, 1653957725.5086396, 1653957727.5330637, 1653957729.5096247, 1653957731.412867, 1653957733.4105966, 1653957735.3869882, 1653957737.3403146, 1653957739.3345344, 1653957741.3063383, 1653957743.2974312, 1653957745.2717304, 1653957747.2198486, 1653957749.155101, 1653957751.172819, 1653957753.2345004, 1653957755.1762826, 1653957757.1769073, 1653957759.1460505, 1653957761.1399355, 1653957763.2344842, 1653957765.1758547, 1653957767.1105013, 1653957769.0556855, 1653957771.0267594, 1653957772.9936972, 1653957774.8902817, 1653957776.8864636, 1653957778.758521, 1653957780.6556594, 1653957782.5532084, 1653957784.5415146, 1653957786.4841943, 1653957788.4713376, 1653957790.4266431, 1653957792.341106, 1653957794.2162783, 1653957796.1729333, 1653957798.169075, 1653957800.072925, 1653957801.9376757, 1653957803.9609754, 1653957805.8904126, 1653957807.8385382, 1653957809.8148313, 1653957811.7371533, 1653957813.694712, 1653957815.685629, 1653957817.7101395, 1653957819.7353506, 1653957821.7059731]

5G, 8 channels, 32.5", high power
Reward: [0, 49, 80, 78, 80, 77, 81, 82, 88, 86, 85, 83, 90, 96, 92, 89, 91, 89, 95, 90, 92, 92, 94, 93, 95, 95, 98, 90, 97, 97, 98, 95, 95, 97, 98, 100, 96, 98, 93, 98, 97, 95, 97, 96, 99, 96, 95, 99, 99, 97, 94, 98, 96, 97, 98, 91, 98, 99, 99, 97, 98, 96, 95, 93, 88, 96, 85, 98, 98, 97, 93, 94, 95, 97, 91, 93, 95, 97, 95, 94, 94, 95, 98, 91, 95, 96, 98, 100, 100, 100, 98, 92, 85, 98, 95, 89, 86, 95, 99, 97]
Sensing Errors: [0, 4, 3, 0, 3, 2, 4, 2, 0, 1, 1, 0, 0, 0, 0, 1, 1, 0, 0, 0, 0, 0, 1, 0, 0, 2, 2, 9, 1, 0, 2, 4, 0, 9, 5, 0, 8, 2, 2, 3, 3, 0, 11, 0, 1, 0, 3, 0, 1, 1, 0, 0, 0, 12, 4, 0, 0, 0, 0, 0, 0, 0, 0, 0, 0, 0, 0, 1, 1, 10, 0, 1, 5, 14, 0, 2, 1, 0, 0, 3, 2, 0, 0, 3, 0, 0, 0, 0, 0, 0, 0, 0, 12, 3, 0, 2, 0, 5, 8, 13]
Packet Errors: [0, 12, 4, 2, 4, 4, 3, 6, 4, 3, 2, 1, 1, 0, 3, 0, 2, 3, 0, 2, 4, 2, 1, 2, 1, 0, 1, 4, 0, 1, 0, 2, 2, 0, 1, 0, 0, 0, 1, 1, 1, 1, 0, 0, 0, 1, 2, 0, 0, 3, 2, 1, 3, 0, 0, 1, 0, 0, 0, 3, 0, 1, 2, 4, 1, 1, 3, 1, 2, 1, 3, 3, 1, 1, 0, 1, 1, 2, 4, 3, 1, 1, 0, 4, 1, 2, 0, 0, 0, 0, 1, 4, 3, 0, 2, 3, 2, 3, 0, 2]
Time diff: [16539589.849563465, 1653958986.2487934, 1653958989.0448637, 1653958991.842182, 1653958994.7451012, 1653958997.6392167, 1653959000.6562939, 1653959003.4981961, 1653959005.9801004, 1653959008.5780597, 1653959011.4098449, 1653959014.2000418, 1653959016.7342737, 1653959019.3304145, 1653959021.8479252, 1653959024.444409, 1653959027.0817993, 1653959029.7404897, 1653959032.2455664, 1653959034.9899096, 1653959037.8788857, 1653959040.868269, 1653959043.7101836, 1653959046.23708, 1653959048.9586856, 1653959051.5990872, 1653959054.1637702, 1653959056.755396, 1653959059.2971907, 1653959061.8646271, 1653959064.5085928, 1653959067.1719036, 1653959069.7484262, 1653959072.3867896, 1653959074.9983141, 1653959077.4903677, 1653959080.0543036, 1653959082.5812924, 1653959085.1546454, 1653959087.918491, 1653959090.712625, 1653959093.5249295, 1653959096.289332, 1653959099.0670102, 1653959101.810915, 1653959104.568998, 1653959107.3483202, 1653959110.0162692, 1653959112.8267965, 1653959115.6189327, 1653959118.5509005, 1653959121.3902295, 1653959124.2668858, 1653959127.2403018, 1653959129.9765854, 1653959132.8086276, 1653959135.6822267, 1653959138.2692072, 1653959140.915241, 1653959143.7799473, 1653959146.5770102, 1653959149.3098242, 1653959152.131291, 1653959155.0525002, 1653959157.9525852, 1653959160.7539086, 1653959163.5368369, 1653959166.258522, 1653959168.985635, 1653959171.8926847, 1653959174.717347, 1653959177.6177497, 1653959180.412013, 1653959183.1736083, 1653959185.9946907, 1653959188.8848944, 1653959191.7195797, 1653959194.5590265, 1653959197.3107638, 1653959200.1058347, 1653959203.058638, 1653959205.8257449, 1653959208.692998, 1653959211.5983768, 1653959214.4625068, 1653959217.3639722, 1653959220.2396302, 1653959223.0014641, 1653959225.6394315, 1653959228.280762, 1653959231.0883296, 1653959233.8519971, 1653959236.651595, 1653959239.4382844, 1653959242.243021, 1653959245.060417, 1653959247.891556, 1653959250.8373926, 1653959253.7614574, 1653959256.7225385]

5G, 8 channels, 32.5", low power
Reward: [0, 68, 72, 68, 71, 74, 71, 71, 73, 87, 81, 89, 85, 88, 93, 92, 92, 97, 96, 94, 90, 95, 91, 92, 96, 94, 93, 92, 96, 92, 94, 94, 96, 96, 94, 94, 94, 93, 86, 94, 98, 92, 90, 90, 92, 93, 99, 96, 99, 93, 91, 88, 97, 97, 92, 90, 92, 86, 95, 85, 96, 96, 99, 94, 97, 97, 97, 94, 96, 93, 95, 99, 94, 96, 95, 97, 98, 98, 97, 98, 96, 93, 78, 97, 96, 91, 93, 91, 80, 82, 97, 98, 97, 97, 97, 97, 99, 97, 83, 80]
Sensing Errors: [0, 1, 1, 1, 0, 3, 2, 1, 3, 2, 7, 4, 5, 4, 3, 0, 3, 8, 9, 6, 2, 2, 1, 5, 0, 0, 1, 6, 2, 6, 0, 0, 3, 2, 0, 2, 3, 5, 1, 2, 0, 2, 1, 1, 0, 0, 0, 0, 0, 0, 0, 2, 0, 0, 0, 0, 0, 0, 0, 3, 0, 0, 0, 0, 0, 0, 0, 0, 0, 0, 0, 0, 0, 13, 14, 0, 0, 0, 0, 0, 0, 0, 0, 0, 0, 0, 0, 0, 0, 0, 0, 0, 0, 0, 0, 0, 0, 0, 0, 0]
Packet Errors: [0, 1, 0, 2, 0, 1, 3, 3, 0, 0, 0, 1, 0, 3, 0, 0, 0, 0, 1, 0, 1, 0, 0, 2, 0, 1, 1, 1, 0, 2, 0, 0, 0, 2, 3, 0, 0, 1, 0, 2, 0, 1, 3, 1, 0, 0, 0, 0, 0, 1, 0, 0, 1, 0, 1, 0, 1, 1, 1, 4, 1, 3, 0, 1, 0, 1, 1, 1, 0, 0, 0, 0, 2, 0, 2, 0, 1, 0, 0, 1, 0, 1, 1, 0, 1, 0, 1, 0, 2, 1, 0, 0, 1, 0, 0, 1, 1, 0, 0, 1]
Time diff: [16539594.53043242, 1653959454.369511, 1653959457.1326587, 1653959459.9658716, 1653959462.814585, 1653959465.7918847, 1653959468.623002, 1653959471.4240484, 1653959474.2239442, 1653959476.8883996, 1653959479.4777908, 1653959482.0454311, 1653959484.6005034, 1653959487.198831, 1653959489.9953203, 1653959492.9694357, 1653959495.862281, 1653959498.608923, 1653959501.287588, 1653959504.0656884, 1653959506.9610877, 1653959509.850951, 1653959512.7639506, 1653959515.675491, 1653959518.5588102, 1653959521.3545845, 1653959524.2115033, 1653959527.035287, 1653959529.8578603, 1653959532.7136292, 1653959535.5835044, 1653959538.4907928, 1653959541.3011515, 1653959544.0132453, 1653959546.8625338, 1653959549.694373, 1653959552.5426242, 1653959555.4326982, 1653959558.281166, 1653959561.0683389, 1653959563.8479218, 1653959566.6580164, 1653959569.5655863, 1653959572.5270574, 1653959575.3618436, 1653959578.0562503, 1653959580.9536386, 1653959583.68591, 1653959586.4562738, 1653959589.242073, 1653959592.0115921, 1653959594.8377044, 1653959597.6999886, 1653959600.5767648, 1653959603.377864, 1653959606.2934232, 1653959609.1770332, 1653959611.9979043, 1653959614.9205074, 1653959617.857809, 1653959620.6456618, 1653959623.454115, 1653959626.2332916, 1653959629.106983, 1653959631.8469782, 1653959634.6588316, 1653959637.5606692, 1653959640.5426633, 1653959643.456384, 1653959646.1684558, 1653959648.9342031, 1653959651.8993149, 1653959654.7213295, 1653959657.6066782, 1653959660.3965342, 1653959663.223347, 1653959665.9711947, 1653959668.54874, 1653959671.2332492, 1653959674.1534274, 1653959676.9262311, 1653959679.823058, 1653959682.677927, 1653959685.5079224, 1653959688.3359497, 1653959691.2989514, 1653959694.0736332, 1653959696.7711904, 1653959699.5724714, 1653959702.5052123, 1653959705.376929, 1653959708.0122082, 1653959710.6134534, 1653959713.244773, 1653959715.8702238, 1653959718.4962564, 1653959721.1722498, 1653959723.8262665, 1653959726.5019474, 1653959729.2459552]

Reward: [0, 61, 71, 70, 73, 81, 67, 74, 85, 85, 84, 87, 91, 90, 87, 85, 95, 94, 93, 92, 96, 94, 86, 94, 93, 95, 97, 95, 93, 97, 95, 97, 93, 93, 99, 97, 97, 95, 84, 98, 96, 97, 98, 94, 98, 92, 96, 92, 92, 88, 98, 85, 96, 85, 94, 95, 95, 99, 98, 93, 98, 95, 95, 97, 99, 95, 96, 97, 95, 98, 95, 96, 93, 97, 93, 86, 92, 88, 98, 98, 99, 93, 86, 80, 83, 84, 85, 85, 86, 84, 82, 84, 84, 83, 85, 80, 98, 92, 91, 98]
Sensing Errors: [0, 0, 0, 0, 0, 0, 0, 1, 0, 0, 1, 0, 0, 1, 0, 0, 1, 0, 0, 0, 0, 0, 0, 0, 0, 0, 0, 0, 0, 0, 0, 0, 0, 0, 0, 0, 0, 0, 0, 0, 0, 0, 0, 0, 0, 0, 0, 0, 0, 0, 0, 0, 0, 0, 0, 0, 1, 0, 0, 0, 0, 0, 0, 0, 0, 0, 0, 0, 0, 0, 0, 0, 0, 0, 0, 0, 0, 0, 0, 0, 0, 0, 1, 0, 0, 0, 0, 0, 0, 0, 0, 0, 0, 0, 0, 0, 0, 0, 0, 0]
Packet Errors: [0, 2, 1, 2, 4, 0, 1, 2, 0, 4, 2, 2, 0, 0, 1, 2, 1, 0, 1, 0, 0, 0, 1, 1, 1, 0, 0, 2, 1, 0, 0, 0, 0, 0, 0, 0, 0, 1, 3, 0, 0, 0, 0, 0, 1, 0, 0, 1, 0, 2, 0, 3, 0, 1, 1, 1, 0, 0, 0, 0, 0, 0, 2, 1, 1, 1, 0, 0, 0, 0, 1, 2, 0, 0, 4, 0, 1, 2, 0, 0, 0, 0, 0, 2, 0, 1, 0, 1, 0, 0, 1, 0, 0, 0, 3, 2, 0, 0, 1, 0]
Time diff: [16539611.39092913, 1653961140.5000176, 1653961143.4575024, 1653961146.4086437, 1653961149.3804984, 1653961152.289564, 1653961155.0610113, 1653961157.9011228, 1653961160.7345774, 1653961163.4845624, 1653961166.2728667, 1653961169.2069275, 1653961172.1733758, 1653961175.0279722, 1653961177.8788943, 1653961180.8399994, 1653961183.7015324, 1653961186.6449625, 1653961189.4540606, 1653961192.3465106, 1653961195.0320966, 1653961197.8429325, 1653961200.789865, 1653961203.8051703, 1653961206.8551822, 1653961209.7571578, 1653961212.6340058, 1653961215.5454898, 1653961218.553358, 1653961221.572301, 1653961224.671234, 1653961227.6869707, 1653961230.721525, 1653961233.7689772, 1653961236.7288032, 1653961239.6900141, 1653961242.602401, 1653961245.426212, 1653961248.1949203, 1653961251.023706, 1653961253.8225198, 1653961256.669401, 1653961259.6333513, 1653961262.6020553, 1653961265.4492884, 1653961268.316062, 1653961271.1676197, 1653961274.0512097, 1653961277.0391936, 1653961279.9256809, 1653961282.7258127, 1653961285.5013573, 1653961288.4137468, 1653961291.4171424, 1653961294.3633323, 1653961297.4531558, 1653961300.3223538, 1653961303.2220173, 1653961306.1726806, 1653961309.1648395, 1653961312.1132097, 1653961315.1336641, 1653961318.0952346, 1653961321.0132217, 1653961323.7722547, 1653961326.6324625, 1653961329.4453542, 1653961332.1865637, 1653961334.9163775, 1653961337.8017178, 1653961340.7214434, 1653961343.5645175, 1653961346.470317, 1653961349.519977, 1653961352.504001, 1653961355.495554, 1653961358.3726504, 1653961361.3854475, 1653961364.3874907, 1653961367.3829782, 1653961370.3425417, 1653961373.3378448, 1653961376.2059443, 1653961379.0171854, 1653961381.9081097, 1653961384.8375895, 1653961387.6897497, 1653961390.560152, 1653961393.3778176, 1653961396.3522499, 1653961399.2926736, 1653961402.2061667, 1653961405.155256, 1653961408.0349996, 1653961410.926071, 1653961413.7704349, 1653961416.5872893, 1653961419.3800888, 1653961422.125631, 1653961424.9941454]

Reward: [0, 59, 74, 69, 69, 73, 72, 78, 80, 78, 84, 75, 76, 83, 85, 88, 80, 95, 87, 81, 88, 81, 89, 93, 93, 95, 92, 84, 89, 95, 91, 93, 90, 89, 90, 97, 94, 98, 93, 97, 95, 96, 94, 94, 85, 96, 97, 78, 92, 92, 92, 97, 95, 86, 95, 94, 93, 94, 90, 95, 98, 95, 96, 93, 93, 93, 98, 97, 95, 97, 91, 94, 79, 95, 95, 92, 90, 90, 86, 81, 83, 77, 98, 99, 96, 84, 93, 85, 95, 91, 97, 96, 93, 84, 89, 94, 100, 99, 98, 99]
Sensing Errors: [0, 0, 0, 0, 0, 0, 0, 0, 0, 0, 0, 0, 0, 0, 0, 0, 0, 0, 0, 0, 0, 0, 0, 0, 0, 0, 0, 0, 0, 0, 0, 0, 0, 0, 0, 0, 0, 0, 0, 0, 0, 0, 0, 0, 0, 0, 0, 0, 0, 0, 0, 0, 0, 0, 0, 0, 0, 0, 0, 0, 0, 0, 0, 0, 0, 0, 0, 0, 0, 0, 0, 0, 0, 0, 0, 0, 0, 0, 0, 0, 0, 0, 0, 0, 0, 0, 0, 0, 0, 0, 0, 0, 0, 0, 0, 0, 0, 0, 0, 0]
Packet Errors: [0, 3, 0, 3, 1, 0, 3, 1, 3, 0, 2, 2, 3, 1, 5, 2, 0, 3, 1, 2, 2, 1, 3, 0, 0, 0, 2, 5, 0, 0, 0, 1, 0, 1, 3, 2, 2, 1, 0, 0, 0, 0, 1, 2, 1, 0, 0, 4, 0, 1, 2, 0, 0, 2, 0, 2, 0, 0, 0, 0, 0, 0, 1, 0, 0, 0, 0, 0, 2, 0, 1, 0, 2, 1, 0, 3, 5, 1, 5, 4, 3, 5, 0, 0, 1, 1, 2, 0, 0, 0, 0, 0, 0, 3, 2, 0, 0, 0, 0, 1]
Time diff: [16539625.485903053, 1653962550.0833144, 1653962553.1634376, 1653962556.2025487, 1653962559.1874433, 1653962562.2332075, 1653962565.2769134, 1653962568.3903, 1653962571.4827118, 1653962574.5628245, 1653962577.685028, 1653962580.8086622, 1653962583.8964648, 1653962586.913485, 1653962589.9959064, 1653962593.074372, 1653962596.0944705, 1653962599.2173476, 1653962602.2812948, 1653962605.324503, 1653962608.3194892, 1653962611.414744, 1653962614.5711029, 1653962617.5987644, 1653962620.661275, 1653962623.7430413, 1653962626.8255746, 1653962629.881654, 1653962632.9269214, 1653962636.021454, 1653962639.0200012, 1653962642.01961, 1653962645.078574, 1653962648.0467293, 1653962651.0797427, 1653962654.0698595, 1653962657.1675384, 1653962660.1799786, 1653962663.107133, 1653962666.123423, 1653962669.106025, 1653962672.1062663, 1653962675.0779746, 1653962678.1318674, 1653962681.1573772, 1653962684.2976673, 1653962687.3417633, 1653962690.3770108, 1653962693.4111948, 1653962696.4993582, 1653962699.565551, 1653962702.5417085, 1653962705.6206782, 1653962708.7430017, 1653962711.8651955, 1653962714.9445508, 1653962718.0059693, 1653962721.0448565, 1653962724.124787, 1653962727.2333329, 1653962730.3921905, 1653962733.5797079, 1653962736.6488657, 1653962739.7163053, 1653962742.8118017, 1653962745.836425, 1653962748.9389703, 1653962751.8491488, 1653962754.6693642, 1653962757.588675, 1653962760.6136835, 1653962763.6651917, 1653962766.7647352, 1653962769.817272, 1653962772.880393, 1653962775.872926, 1653962778.9538088, 1653962782.0639455, 1653962785.1369903, 1653962788.2559927, 1653962791.464496, 1653962794.6051912, 1653962797.7363045, 1653962800.8956268, 1653962803.9582565, 1653962806.972109, 1653962809.954877, 1653962813.035865, 1653962816.2019699, 1653962819.2109997, 1653962822.3743317, 1653962825.4312327, 1653962828.4937644, 1653962831.4632494, 1653962834.5354943, 1653962837.6405473, 1653962840.7826815, 1653962843.873693, 1653962846.893895, 1653962849.9540336]

Reward: [0, 70, 68, 78, 72, 71, 73, 75, 71, 64, 83, 84, 85, 84, 89, 91, 88, 89, 87, 93, 95, 95, 94, 95, 93, 97, 94, 97, 96, 93, 98, 94, 95, 95, 92, 87, 99, 97, 97, 95, 98, 94, 98, 98, 97, 94, 95, 96, 94, 94, 99, 97, 96, 92, 96, 98, 97, 98, 87, 85, 94, 96, 97, 81, 99, 97, 99, 97, 96, 97, 93, 96, 92, 96, 97, 98, 100, 99, 99, 97, 97, 99, 93, 94, 99, 96, 97, 97, 97, 96, 92, 97, 98, 96, 95, 90, 95, 94, 97, 81]
Sensing Errors: [0, 0, 0, 0, 0, 0, 0, 0, 0, 0, 0, 0, 0, 0, 0, 0, 0, 0, 0, 0, 0, 0, 0, 0, 0, 0, 0, 0, 0, 0, 0, 0, 0, 0, 0, 0, 0, 0, 1, 0, 0, 0, 1, 0, 0, 0, 0, 0, 0, 1, 1, 0, 0, 0, 0, 0, 0, 0, 0, 0, 0, 0, 0, 0, 0, 0, 0, 0, 0, 1, 0, 0, 0, 0, 0, 0, 0, 0, 0, 0, 0, 0, 0, 0, 0, 0, 0, 0, 0, 0, 0, 0, 0, 0, 0, 0, 0, 1, 0, 0]
Packet Errors: [0, 0, 0, 2, 0, 1, 0, 0, 1, 0, 0, 0, 0, 1, 0, 0, 0, 0, 0, 1, 0, 0, 0, 0, 0, 0, 0, 0, 0, 0, 0, 1, 0, 0, 0, 0, 0, 0, 0, 0, 0, 0, 0, 0, 0, 0, 0, 0, 0, 0, 0, 0, 0, 0, 0, 0, 0, 0, 0, 0, 1, 0, 0, 1, 0, 0, 0, 0, 0, 0, 0, 0, 0, 0, 0, 0, 0, 0, 0, 0, 0, 0, 0, 0, 0, 0, 0, 0, 0, 0, 0, 0, 0, 0, 0, 0, 0, 0, 0, 0]
Time diff: [16541054.130226204, 1654105414.4534774, 1654105417.2296221, 1654105420.1293316, 1654105422.914385, 1654105425.707226, 1654105428.4121137, 1654105431.0155585, 1654105433.5938504, 1654105436.2573342, 1654105438.966012, 1654105441.698548, 1654105444.439498, 1654105447.0003104, 1654105449.5584943, 1654105452.2080765, 1654105455.0418105, 1654105457.790223, 1654105460.4082115, 1654105462.9823453, 1654105465.6645293, 1654105468.4512827, 1654105471.353632, 1654105474.0215948, 1654105476.5854354, 1654105479.3659353, 1654105481.9681764, 1654105484.6271868, 1654105487.2801101, 1654105489.9153166, 1654105492.6023672, 1654105495.3209405, 1654105498.0864637, 1654105501.02108, 1654105503.8984747, 1654105506.7438493, 1654105509.5659802, 1654105512.2618906, 1654105515.1743302, 1654105518.092316, 1654105520.9438164, 1654105523.79444, 1654105526.7245274, 1654105529.677914, 1654105532.532025, 1654105535.4130085, 1654105538.331002, 1654105541.2679076, 1654105544.1090422, 1654105547.0249114, 1654105549.9481869, 1654105552.89202, 1654105555.7632911, 1654105558.6812415, 1654105561.5483108, 1654105564.4590302, 1654105567.395292, 1654105570.2407796, 1654105573.191526, 1654105576.1680338, 1654105579.116275, 1654105581.9485133, 1654105584.742013, 1654105587.521735, 1654105590.2895103, 1654105593.2403855, 1654105596.175107, 1654105599.1649985, 1654105602.0974667, 1654105604.9998648, 1654105608.0645483, 1654105611.090512, 1654105614.0055404, 1654105617.01177, 1654105619.9491775, 1654105622.807201, 1654105625.6343374, 1654105628.5334702, 1654105631.515746, 1654105634.3485184, 1654105637.1987123, 1654105640.0384119, 1654105643.0018482, 1654105645.9090018, 1654105648.885779, 1654105651.827412, 1654105654.8257558, 1654105657.7755952, 1654105660.658998, 1654105663.6200728, 1654105666.6398737, 1654105669.539215, 1654105672.3820858, 1654105675.266073, 1654105678.2756534, 1654105681.2559545, 1654105684.249144, 1654105687.2338736, 1654105690.1272466, 1654105693.1923141]

Reward: [0, 84, 79, 79, 76, 70, 79, 76, 87, 81, 84, 79, 92, 90, 90, 87, 98, 96, 92, 91, 96, 92, 94, 95, 97, 97, 92, 95, 88, 100, 93, 99, 100, 99, 96, 99, 100, 98, 98, 98, 99, 99, 100, 98, 99, 99, 99, 99, 100, 99, 99, 100, 100, 100, 100, 99, 100, 100, 100, 99, 100, 99, 100, 100, 100, 99, 100, 100, 100, 100, 98, 87, 98, 100, 100, 100, 100, 100, 99, 100, 100, 100, 100, 99, 100, 100, 100, 100, 100, 100, 100, 100, 100, 99, 100, 100, 100, 100, 99, 100]
Sensing Errors: [0, 0, 0, 0, 0, 0, 0, 0, 0, 0, 0, 0, 0, 0, 0, 0, 0, 0, 0, 0, 0, 0, 0, 0, 0, 0, 0, 0, 0, 0, 3, 3, 6, 12, 4, 8, 1, 0, 2, 3, 14, 7, 0, 0, 0, 0, 0, 0, 0, 0, 0, 0, 0, 0, 0, 0, 0, 0, 0, 0, 0, 0, 0, 0, 0, 0, 0, 0, 0, 0, 0, 0, 0, 0, 0, 0, 0, 0, 0, 0, 0, 1, 14, 14, 5, 14, 15, 14, 1, 0, 0, 0, 0, 0, 0, 0, 0, 0, 0, 0]
Packet Errors: [0, 1, 3, 2, 1, 1, 0, 1, 0, 1, 0, 0, 2, 0, 1, 0, 2, 0, 0, 0, 0, 0, 0, 1, 0, 0, 0, 0, 2, 0, 0, 0, 0, 1, 0, 0, 0, 0, 0, 0, 0, 0, 0, 0, 0, 0, 0, 1, 0, 0, 0, 0, 0, 0, 0, 0, 0, 0, 0, 0, 0, 0, 0, 0, 0, 0, 0, 0, 0, 0, 0, 1, 0, 0, 0, 0, 0, 0, 0, 0, 0, 0, 0, 0, 0, 0, 0, 0, 0, 0, 0, 0, 0, 0, 0, 0, 0, 0, 0, 0]
Time diff: [16541130.35056538, 1654113036.3240151, 1654113038.9169865, 1654113041.5485034, 1654113044.1131697, 1654113046.7275858, 1654113049.3734665, 1654113052.1129382, 1654113054.808717, 1654113057.3992114, 1654113060.0433066, 1654113062.6500983, 1654113065.3986807, 1654113068.077036, 1654113070.675473, 1654113073.3355722, 1654113076.0309763, 1654113078.7330866, 1654113081.3338938, 1654113084.0217686, 1654113086.8233588, 1654113089.5323844, 1654113092.1443057, 1654113094.8782349, 1654113097.6562917, 1654113100.3617468, 1654113103.0244417, 1654113105.5618362, 1654113108.1461256, 1654113110.845936, 1654113113.5727673, 1654113116.1962159, 1654113118.8300211, 1654113121.5236034, 1654113124.1719568, 1654113126.8814764, 1654113129.601764, 1654113132.4166687, 1654113135.0702703, 1654113137.7027056, 1654113140.2423477, 1654113142.8639262, 1654113145.427205, 1654113148.0611863, 1654113150.7272778, 1654113153.292001, 1654113155.8100452, 1654113158.3887534, 1654113161.0952134, 1654113163.9552264, 1654113166.770752, 1654113169.6062915, 1654113172.433825, 1654113175.34148, 1654113178.2869763, 1654113181.1023278, 1654113183.8969367, 1654113186.6124177, 1654113189.5144062, 1654113192.3544848, 1654113195.1048107, 1654113197.8658798, 1654113200.7077284, 1654113203.48067, 1654113206.2199514, 1654113208.9330783, 1654113211.6968126, 1654113214.4782543, 1654113217.2219129, 1654113219.804804, 1654113222.3235269, 1654113224.8312883, 1654113227.3593173, 1654113229.9917803, 1654113232.708204, 1654113235.357253, 1654113238.0411205, 1654113240.7283173, 1654113243.414792, 1654113246.1107168, 1654113248.7416449, 1654113251.3203187, 1654113253.9120274, 1654113256.557708, 1654113259.3878367, 1654113262.040145, 1654113264.6003351, 1654113267.2999885, 1654113269.9615948, 1654113272.505577, 1654113275.1502993, 1654113277.8022723, 1654113280.4426434, 1654113283.149899, 1654113285.9194403, 1654113288.7434955, 1654113291.5581744, 1654113294.3177328, 1654113297.0422895, 1654113299.8301697]

